-463.66
-438.68
-463.84
-418.71
-414.66
-434.53
-424.70
-424.33
-431.50
-427.90
-420.47
-367.45
-421.84
-406.59
-399.22
-346.25
-417.80
-445.69
-401.46
-389.72
-341.60
-374.72
-364.98
-382.81
-404.72
-381.92
-463.66
-438.68
-463.84
-418.71
-416.05
-422.70
-410.32
-423.38
-420.53
-415.89
-432.72
-426.72
-388.79
-403.80
-411.24
-390.54
-415.60
-358.87
-415.24
-415.62
-400.31
-383.69
-381.89
-351.85
-334.14
-453.05
-450.59
-354.83
-470.28
-372.14
-344.71
-339.74
-329.89
-380.20
-332.27
-399.35
-317.09
-342.09
-357.59
-377.56
-299.71
-436.40
-327.87
-377.97
-353.42
-369.94
-339.42
-345.85
-345.34
-327.04
-350.12
-356.63
-463.66
-438.68
-463.84
-418.55
-414.47
-435.78
-438.47
-393.92
-403.60
-420.58
-383.73
-430.29
-398.00
-394.62
-387.51
-424.44
-396.32
-422.78
-404.10
-377.94
-388.78
-383.25
-389.63
-383.06
-361.39
-382.76
-386.58
-373.64
-384.82
-346.81
-391.30
-346.31
-321.04
-382.68
-377.67
-326.02
-381.17
-416.52
-318.16
-448.98
-329.92
-322.99
-323.27
-372.05
-363.02
-350.27
-354.44
-346.70
-366.07
-345.75
-392.57
-348.60
-566.94
-345.56
-341.24
-334.91
-348.35
-348.95
-374.67
-358.49
-310.39
-346.74
-364.36
-323.13
-363.62
-313.54
-357.53
-407.71
-410.19
-322.41
-345.84
-335.88
-425.71
-340.73
-350.60
-358.36
-345.05
-626.32
-367.76
-370.59
-575.31
-375.00
-422.97
-354.33
-563.98
-396.07
-364.61
-404.48
-370.96
-389.08
-562.79
-331.64
-393.26
-340.73
-539.53
-356.85
-373.90
-361.44
-395.98
-380.99
-378.15
-382.35
-597.13
-551.27
-335.65
-546.10
-560.97
-604.84
-360.18
-574.02
-614.73
-552.90
-592.05
-354.09
-870.90
-375.57
-391.19
-389.92
-355.16
-372.02
-367.65
-586.35
-358.13
-366.91
-396.39
-375.58
-601.96
-394.49
-578.45
-391.83
-360.42
-347.03
-397.54
-744.65
-368.53
-584.54
-385.11
-394.58
-402.53
-372.03
-398.26
-578.63
-410.27
-376.52
-543.45
-384.49
-550.87
-320.36
-312.86
-441.68
-325.48
-422.41
-338.99
-396.50
-354.80
-367.75
-371.12
-321.17
-393.90
-324.59
-345.57
-461.17
-364.79
-319.81
-358.03
-286.43
-331.39
-328.27
-309.75
-317.76
-349.55
-341.14
-386.94
-317.83
-536.43
-326.34
-520.46
-326.28
-448.13
-362.76
-739.05
-350.23
-924.03
-327.83
-410.59
-337.19
-350.79
-360.26
-369.71
-347.12
-344.23
-371.32
-377.63
-346.78
-753.16
-355.05
-340.29
-1134.41
-363.39
-351.11
-384.52
-591.12
-363.39
-749.53
-366.54
-378.38
-396.91
-372.04
-369.34
-368.33
-789.12
-367.22
-364.37
-396.07
-365.49
-556.41
-350.36
-335.64
-368.14
-366.81
-354.59
-348.70
-349.89
-352.14
-343.80
-359.45
-353.87
-362.17
-542.34
-335.89
-375.23
-463.66
-438.68
-463.84
-418.71
-415.96
-446.54
-417.68
-425.24
-411.67
-420.34
-409.16
-405.24
-435.46
-403.40
-392.13
-419.03
-414.76
-378.31
-417.26
-347.73
-420.21
-364.35
-360.25
-400.67
-370.24
-367.52
-339.65
-344.69
-368.87
-312.12
-349.11
-335.13
-360.53
-348.65
-393.42
-450.18
-432.29
-327.56
-390.75
-440.11
-316.85
-405.97
-506.88
-369.63
-336.57
-426.02
-423.85
-372.06
-386.60
-375.03
-375.98
-370.48
-398.12
-328.96
-356.31
-380.04
-370.76
-383.60
-383.10
-324.64
-319.16
-342.14
-418.65
-512.83
-446.47
-406.96
-565.38
-344.84
-417.74
-355.54
-335.47
-356.88
-437.98
-493.27
-395.90
-557.48
-382.21
-379.62
-415.46
-356.90
-330.92
-379.50
-351.52
-466.99
-393.81
-414.73
-358.91
-351.53
-424.51
-382.19
-428.97
-362.37
-380.93
-454.88
-361.05
-356.90
-352.69
-483.97
-361.29
-359.91
-350.14
-373.65
-339.81
-362.54
-386.61
-316.35
-336.08
-301.99
-306.80
-331.35
-300.27
-306.72
-335.28
-343.67
-351.03
-370.86
-329.05
-321.72
-434.52
-351.82
-353.67
-305.59
-356.81
-327.52
-327.64
-387.62
-434.94
-351.08
