-573.80
-152.74
-5.90
14.43
10.64
27.06
-38.15
-15.07
24.65
40.65
-64.68
-10.71
-22.05
17.75
-16.74
-6.90
10.66
-0.09
9.42
-10.92
3.52
-9.96
3.04
-57.49
2.26
-58.50
6.18
-8.92
-4.91
-0.65
-16.47
-26.76
4.93
-2.53
-5.10
-12.76
-4.57
-0.51
0.30
-4.00
-6.09
-10.78
-37.87
1.20
0.23
-0.04
0.99
3.00
-1.67
-0.55
2.11
-1.24
-14.49
-10.49
8.59
-6.75
-12.69
-6.48
2.31
3.82
13.24
-2.15
3.48
-2.24
2.31
4.00
-93.55
5.83
-7.66
2.42
4.84
-2.93
8.39
4.11
-0.60
-4.13
0.05
-4.37
3.13
1.35
6.09
1.96
-5.19
-4.38
-3.63
-0.21
10.19
0.33
6.50
-3.51
-0.74
-2.50
0.50
-3.70
4.13
-8.05
2.36
8.31
0.69
6.88
-2.05
4.38
0.82
-2.66
4.29
-1.52
-1.60
-17.60
5.61
-0.67
-2.13
4.64
-0.25
-2.01
1.33
1.40
0.53
0.95
5.61
-3.20
-1.70
0.98
-9.60
3.40
1.92
-1.70
3.88
-5.42
1.83
-0.26
-0.51
-6.05
2.57
-9.82
-8.25
-5.67
-9.00
-2.56
3.58
4.80
10.14
-5.05
-1.14
-18.65
-1.01
3.91
-30.29
0.61
3.24
1.67
-46.81
-6.16
2.83
-12.56
2.53
3.31
1.09
-1.25
4.05
-12.76
-2.81
1.42
16.84
15.03
5.95
0.99
-6.87
-6.20
-1.24
-49.97
4.04
-1.00
-0.46
13.37
-1.37
-4.80
-1.03
-7.56
6.08
-6.97
-4.04
7.38
-3.75
-21.43
-8.42
11.39
-9.98
-4.26
-16.74
0.87
-8.12
0.32
-7.11
23.10
-37.94
-312.39
3.30
-67.15
-27.85
-148.79
41.34
-42.51
1.34
-10.84
-102.70
18.84
-3.97
-6.17
9.48
-7.22
4.46
24.57
-3.77
-42.71
-2.42
1.96
0.44
1.99
0.64
-2.47
6.94
0.73
-1.03
3.95
-1.78
-0.62
3.12
3.67
3.61
-1.89
3.36
-1.06
2.34
8.24
-7.85
-1.70
0.66
4.36
-1.74
-0.09
-2.44
3.49
-3.97
-3.03
1.66
-4.68
-1.04
-5.64
-11.28
0.46
4.15
-5.88
-2.11
1.44
4.31
0.41
-0.73
1.12
8.38
-9.25
-0.17
-0.26
3.16
-1.45
3.76
-3.01
-0.48
3.01
-3.73
-1.83
-1.26
-7.96
-3.93
2.30
-6.62
-0.11
-6.03
7.97
-0.10
-0.02
6.03
5.35
3.59
0.19
-0.46
0.48
-5.13
1.01
7.15
-2.44
-5.41
3.65
0.70
-1.17
3.94
1.48
-1.00
4.01
1.33
2.74
-10.22
3.04
0.34
-3.11
-0.70
3.35
2.37
0.62
-0.74
-0.61
-0.22
-3.33
0.42
3.56
11.05
1.89
23.27
-1.61
6.14
2.39
-0.70
6.06
13.02
-6.13
-3.92
2.50
-7.51
-2.43
-2.29
1.09
-1.45
-6.76
1.54
0.49
0.81
0.57
-0.16
3.46
-4.35
-1.28
-4.29
-0.41
2.07
0.35
2.65
3.95
-2.10
-2.49
-0.33
-0.29
-2.21
2.16
1.43
0.64
-1.78
-4.06
4.66
2.33
-0.93
-2.84
-4.18
-8.66
-0.73
1.88
3.13
13.06
-5.53
4.11
-0.15
-1.89
-3.45
1.22
7.56
-2.41
-4.05
2.06
-1.99
2.40
0.86
-0.36
5.62
5.36
0.76
-5.82
-0.77
-1.44
-3.80
-0.23
-0.33
0.72
1.45
1.94
-0.27
0.31
2.38
-6.59
-5.00
2.68
-4.13
0.13
16.42
-2.66
-6.59
-0.48
-0.76
-1.20
0.01
-0.55
0.19
-0.91
0.13
1.34
4.08
-0.25
-5.00
-2.65
-1.83
1.11
2.84
-2.78
0.01
-1.31
1.66
0.86
-1.03
9.70
-0.21
1.78
3.89
9.39
3.61
3.14
4.38
-2.03
3.15
-1.31
5.89
-4.93
6.83
0.19
-2.94
-3.35
-6.33
0.51
0.12
-1.80
3.80
6.27
0.08
0.79
-0.87
1.61
2.17
3.19
-6.46
-3.93
4.84
3.64
1.52
1.04
-8.74
-0.92
-2.41
-2.85
-1.65
-1.17
0.67
-1.93
-2.28
5.97
2.51
-0.60
-0.01
2.38
1.42
-2.22
0.15
-3.65
8.53
13.60
-0.83
4.72
-0.63
0.96
1.22
2.70
1.09
-1.70
0.06
-5.60
1.85
1.02
-0.62
-2.29
6.29
0.65
-2.38
5.79
-0.40
-0.31
3.60
-0.07
0.05
-1.94
-0.06
2.74
2.01
-2.92
1.18
3.68
-5.77
-0.39
1.69
2.28
-1.77
-1.10
-1.76
-5.20
0.44
-4.12
-6.56
-2.07
-0.73
6.47
-6.79
-6.29
-12.98
-1.68
-5.00
-2.39
-2.29
0.21
1.70
1.13
0.10
0.88
7.82
1.96
4.76
3.02
0.91
-0.49
3.54
3.18
-1.59
6.09
6.80
4.41
5.13
2.45
-2.48
5.48
6.87
-6.22
-2.33
-3.92
-0.71
-0.44
0.36
0.59
-2.06
4.96
0.19
-1.76
-6.16
-5.77
-0.98
3.15
2.72
2.14
1.98
-3.99
-6.00
1.28
-0.57
-2.29
-1.17
0.06
5.40
2.53
3.14
0.04
16.69
3.48
1.60
0.71
5.78
2.45
1.32
2.47
2.33
1.07
2.23
1.58
-10.19
1.08
5.12
1.33
-17.14
2.61
6.43
-8.28
3.03
6.68
2.60
2.88
2.38
-2.16
-1.08
-7.90
-3.25
-2.93
-0.94
-1.36
-3.11
-0.68
1.44
-0.10
0.61
-5.31
-3.56
1.69
6.03
0.03
0.26
7.48
-2.69
-0.15
-0.40
21.79
0.65
-8.85
-3.61
-9.10
-4.44
-0.27
5.23
6.51
8.32
-3.47
-1.90
-4.35
-0.72
6.85
1.06
-4.53
-0.79
-1.26
-5.13
7.53
1.69
0.05
-0.54
-5.54
2.71
6.28
-4.07
-0.05
1.60
-1.61
-4.86
4.83
-10.70
20.70
4.12
1.58
2.27
6.94
-10.80
-22.63
-4.14
1.77
0.40
8.75
-0.61
-2.87
1.50
-3.01
-6.36
-2.58
13.08
10.15
3.52
-0.18
7.71
4.51
-4.75
1.66
6.01
0.70
-0.81
2.66
6.09
7.88
-1.23
-0.19
-3.54
0.19
-0.42
-1.14
0.52
-7.15
0.92
6.43
-1.38
3.91
-4.59
-7.42
2.88
0.68
-2.79
-4.17
-4.11
-1.21
8.69
2.30
0.90
2.81
2.56
-4.63
1.01
1.45
2.60
-5.61
-6.49
5.00
2.41
8.71
-5.32
-2.87
1.96
-2.19
-1.11
-2.35
-2.59
-6.29
-0.13
8.30
2.18
4.29
3.92
6.36
5.06
-1.26
1.49
0.87
1.89
-1.33
9.55
-2.43
9.22
3.59
6.98
5.98
6.64
10.06
7.93
10.23
17.96
10.11
-2.73
-3.43
1.34
-2.74
1.77
1.23
1.23
3.99
0.61
6.52
5.62
3.82
6.08
4.32
6.80
4.36
7.91
-0.94
5.84
10.14
-0.42
-11.17
-5.43
-0.73
2.40
2.74
1.57
2.24
0.13
2.00
0.88
7.15
5.85
3.51
4.39
7.92
4.73
8.43
14.49
16.95
8.67
6.15
5.19
12.59
3.63
2.90
6.03
3.71
11.20
5.31
2.07
8.29
4.45
1.64
4.29
8.63
4.64
4.14
6.06
5.24
-6.20
-2.94
0.45
3.45
4.89
0.03
7.98
4.28
5.49
-5.63
-1.58
3.79
-2.25
-2.98
-3.00
-4.37
0.19
-2.54
-1.52
-0.69
6.04
-3.27
-3.88
-3.28
4.19
5.10
3.10
0.57
9.34
0.20
1.96
0.89
4.14
8.76
-4.50
7.95
11.73
4.45
4.03
7.16
0.59
8.28
-0.55
0.52
3.36
6.19
-6.24
3.60
7.40
2.61
3.46
-1.12
2.61
-1.77
3.91
2.23
3.09
-1.75
-2.34
1.91
4.84
10.22
-1.39
2.74
9.48
0.85
-8.50
3.01
-0.15
-5.15
1.62
-7.29
7.82
1.33
-4.38
5.25
6.85
6.93
17.22
9.70
1.49
-1.08
-2.33
2.67
6.07
-5.37
-11.55
-0.22
-0.46
-7.98
-0.41
2.44
-0.37
1.51
0.73
0.79
2.26
-1.09
2.75
1.80
0.87
1.82
0.97
0.29
2.46
-2.62
-6.54
10.44
6.08
-18.23
-8.73
2.01
3.97
-1.80
1.26
-4.57
-0.88
-0.18
-0.08
-0.01
-4.75
1.46
7.79
-0.28
-3.87
2.36
-0.81
1.40
1.39
4.63
2.60
1.27
5.37
2.71
11.96
-1.38
4.46
4.49
1.00
-1.13
6.50
6.19
0.26
3.64
6.77
6.93
5.33
6.33
2.70
10.42
6.85
14.43
12.46
8.09
2.46
5.92
7.88
8.32
1.92
11.69
3.49
11.36
16.46
11.01
8.15
10.60
9.50
14.93
-5.51
-9.98
-4.82
1.89
4.50
10.46
17.71
0.38
0.11
-8.29
-1.34
4.78
-4.46
16.62
11.99
-5.41
-3.81
-0.46
1.35
4.87
9.52
-0.08
6.01
1.87
2.05
2.75
5.82
-0.45
3.97
7.65
-0.94
5.99
2.00
-0.12
6.32
-4.50
0.99
-4.39
-0.72
2.23
-2.93
-0.10
-2.52
-2.85
-1.64
-2.31
1.28
1.73
-5.75
5.43
-0.81
-0.03
-0.23
-1.73
6.67
6.52
2.51
-4.67
0.16
7.21
5.34
4.75
4.50
-0.04
1.60
-3.37
1.58
-4.48
-4.94
0.49
2.89
-4.08
-11.18
-3.69
-2.50
2.44
-2.22
1.08
0.60
1.24
3.70
-1.43
5.66
5.95
11.04
4.13
8.79
3.83
6.94
11.74
15.78
7.12
6.59
13.18
-3.21
7.57
7.09
9.33
8.71
-76.21
13.39
9.80
6.53
20.04
11.04
6.88
1.88
-2.86
-0.61
6.01
9.84
3.84
0.72
-0.56
-2.32
-1.67
-4.25
-0.62
0.13
-1.48
-0.91
12.20
-0.13
2.68
-2.69
0.61
2.53
4.91
0.62
-0.03
-0.88
-0.51
-0.71
-1.24
-0.67
-1.71
-4.01
-2.01
2.31
5.29
0.55
-1.08
-2.25
0.31
-2.32
-0.41
-2.35
0.84
1.90
-0.41
-4.26
2.70
8.31
7.62
9.80
4.49
5.11
11.37
3.42
7.65
4.94
4.95
0.05
-1.22
5.94
2.85
-3.30
-1.98
-4.99
5.84
4.55
-0.10
4.74
5.08
2.75
0.98
2.32
6.68
3.46
2.86
4.44
-5.30
0.40
-0.17
-0.02
-0.63
3.67
0.66
-1.21
2.58
-0.64
-3.11
4.40
2.65
0.57
13.72
10.49
4.27
11.32
1.33
0.67
9.66
9.08
0.14
6.03
2.98
6.63
2.29
8.39
-10.07
4.30
10.47
-0.46
0.92
3.57
3.17
-7.38
8.74
-0.33
-0.28
8.39
11.61
15.67
9.41
4.93
7.33
8.77
7.55
9.02
13.61
8.80
3.92
12.77
17.99
14.63
12.81
6.20
6.97
10.30
14.61
4.29
6.45
-0.56
1.16
8.89
6.93
4.42
12.62
-1.84
-0.39
0.90
0.73
1.01
0.41
0.83
-0.62
1.24
4.41
0.38
1.47
-11.87
12.28
11.59
11.41
11.15
10.70
2.94
7.91
-1.26
6.01
-5.28
-5.07
1.49
-0.51
-0.79
0.85
-0.10
-1.07
2.81
16.79
2.62
0.16
-10.50
-0.18
-0.82
0.33
10.06
-0.80
0.54
-0.45
0.60
0.65
-1.22
2.21
8.14
6.10
4.81
12.96
0.37
0.10
0.24
0.19
-1.77
0.84
1.47
1.15
-0.74
1.92
-0.26
-1.56
3.09
0.30
9.39
15.62
11.93
8.71
1.80
-0.24
0.69
-0.54
12.80
2.57
5.28
10.44
6.38
11.00
8.30
9.42
16.85
9.38
4.24
14.09
16.50
5.48
4.80
-0.09
8.91
7.75
11.86
6.31
9.84
18.92
-1.68
3.81
16.24
11.89
9.40
12.82
22.35
15.40
6.90
6.23
4.56
10.20
7.10
-0.87
6.63
0.24
4.55
-0.82
1.90
4.30
14.22
11.16
21.30
11.94
2.22
-3.21
3.42
7.62
-6.80
-2.83
-4.76
-2.94
-0.90
-2.09
-5.51
-3.97
-3.16
-1.35
-1.03
-1.73
4.39
-1.87
-2.59
1.30
0.59
-1.77
-2.54
0.90
-0.16
2.73
-0.83
2.77
-0.86
-3.60
-2.79
1.01
1.16
3.53
-0.58
11.20
4.07
5.51
1.39
2.34
1.83
0.73
-1.08
-2.27
0.16
5.33
2.45
1.79
-3.32
-3.33
2.61
3.53
-4.00
2.33
4.65
0.99
3.19
-6.18
1.11
3.62
3.98
-2.73
2.01
-1.23
2.89
-0.59
-0.62
2.82
6.96
6.06
2.52
6.57
-2.07
-2.82
0.73
0.33
0.04
-2.87
5.24
-0.28
-0.53
1.14
-0.94
0.46
1.14
0.25
-1.45
4.14
2.58
-1.25
-0.60
1.75
4.23
1.85
2.05
0.53
9.47
4.57
-0.01
2.44
-2.81
-6.03
3.09
10.96
3.23
12.94
7.27
1.90
3.81
6.19
9.90
-1.89
9.63
8.92
6.02
2.82
-2.48
-2.30
-1.94
0.24
-4.45
-0.25
5.63
7.05
13.10
11.68
5.34
3.42
-2.87
-0.78
-2.16
-6.59
-4.14
-7.43
-4.63
4.91
0.39
2.69
-0.41
1.72
0.29
1.04
-2.95
-3.43
2.34
13.48
7.97
-0.58
2.77
9.05
0.87
-3.60
1.79
2.54
8.96
2.59
0.24
12.43
-0.39
5.30
5.43
6.62
5.19
7.68
8.87
5.07
4.04
3.81
12.50
14.59
-3.25
-17.24
-11.85
-11.43
-3.58
-8.77
-1.34
11.40
4.00
2.01
13.96
10.31
3.77
8.70
3.95
6.52
8.49
11.40
0.56
-8.72
-5.25
-7.88
-2.51
-3.86
-3.70
-1.89
-11.22
-6.11
-9.14
-3.59
5.37
-7.43
-2.67
-2.61
-4.13
-0.02
-0.60
3.32
2.71
2.19
0.94
0.51
0.73
2.54
-0.71
-1.31
2.42
0.65
6.09
-3.17
3.94
3.02
0.95
0.73
4.14
3.76
4.10
2.64
9.14
2.92
0.35
2.08
-2.72
-1.32
-7.03
3.49
1.81
-1.44
-0.99
-3.01
-7.35
-0.43
-3.86
0.14
6.32
2.91
2.60
0.69
4.56
6.65
2.74
-8.22
-7.26
-6.83
-2.48
-7.33
-9.87
-10.87
0.82
-4.07
-3.84
-7.34
-1.46
-0.58
-7.43
-5.77
-5.42
-1.66
3.71
-5.87
-9.50
-6.30
-7.03
-11.84
-8.48
-7.46
-2.35
-5.17
-5.64
-1.54
-4.34
-4.65
-3.38
-1.76
-3.89
-1.98
-3.71
1.35
-2.91
-5.30
-1.41
-2.32
-4.00
0.97
-7.40
-4.46
-1.56
-0.51
6.66
5.98
5.87
10.70
2.27
3.82
2.04
-7.94
2.76
2.04
7.70
-7.42
-3.51
1.70
0.76
1.51
5.28
8.52
-0.85
-0.42
0.36
1.34
0.46
4.66
-0.48
-4.14
1.13
-0.70
5.21
3.30
1.94
1.17
5.21
-0.19
0.00
-7.05
-1.42
1.22
0.24
0.23
-0.73
-1.35
6.21
3.17
-5.07
6.70
5.20
-3.58
-0.87
5.09
3.90
3.16
3.40
7.15
0.32
-1.99
1.67
-5.94
-3.93
-5.56
-5.23
-5.57
-3.33
-5.61
4.48
14.61
8.63
13.91
3.32
5.07
4.79
3.29
3.22
1.16
3.44
5.25
1.02
7.08
6.24
5.25
6.54
3.59
6.82
1.63
9.10
5.62
-0.67
11.23
11.52
3.28
2.59
1.06
0.71
6.88
4.45
8.52
5.65
7.76
6.07
5.12
5.31
2.91
11.05
6.24
9.55
6.05
1.64
5.21
13.75
8.06
4.37
7.76
14.19
8.94
13.83
7.05
6.10
5.37
2.78
3.85
3.79
0.61
9.26
5.77
4.44
9.48
4.17
5.38
3.76
7.59
11.32
1.73
4.86
3.26
4.12
6.01
3.76
4.89
4.06
7.87
6.17
2.81
4.51
5.84
4.37
6.29
6.78
5.93
7.35
4.24
1.30
2.39
2.27
1.61
-0.08
0.39
-2.51
-2.53
-1.63
-2.06
-0.91
-0.80
1.85
4.11
-2.23
1.10
4.33
4.39
2.67
6.35
0.05
0.36
0.59
-1.86
0.58
-0.11
0.30
0.00
0.08
-0.31
0.30
-0.53
-1.05
0.39
1.67
0.57
-1.17
0.10
-3.36
-0.46
0.82
1.35
-3.32
-2.58
-2.52
-7.39
-9.71
-6.76
-9.84
-3.94
-8.42
-1.40
-4.82
1.35
-1.58
-1.26
-4.06
-5.35
-3.38
-1.55
-1.13
-5.41
0.76
4.21
-6.64
2.02
-3.93
-0.42
2.44
6.09
-4.34
2.75
0.61
3.64
5.81
7.88
8.64
11.24
5.65
-2.68
15.64
28.09
15.79
19.11
18.61
2.04
-0.44
-2.39
1.74
-5.18
-0.07
2.54
4.15
-0.23
-8.44
-2.62
-2.27
-6.94
-1.46
-1.33
0.26
1.17
-0.85
1.91
-12.80
-6.95
-3.00
6.64
3.86
-1.38
-3.19
10.20
8.99
6.63
3.74
8.26
10.32
-0.69
5.25
13.47
12.37
-6.11
-4.25
-3.89
-3.13
3.99
-10.37
-3.67
0.65
1.75
-0.27
4.22
6.53
6.34
0.94
6.87
4.14
-1.25
1.44
1.05
-2.75
-1.48
-10.31
-11.08
-17.89
-9.33
-0.43
-10.24
-12.58
-13.30
-7.19
3.10
-7.50
-3.92
-2.18
-3.46
-5.94
-3.46
-6.76
-6.13
-2.64
-10.15
-1.61
3.02
-5.51
-4.23
-0.56
-5.02
-1.19
-0.33
0.46
-5.61
-2.46
-4.67
-1.98
-0.52
-1.86
-13.37
-0.14
-15.46
-14.81
-12.46
-10.40
-13.78
-12.08
-13.39
-17.07
-3.51
-14.57
-7.82
-5.11
-8.72
-6.90
-16.11
-14.52
-7.30
-1.14
-0.81
-573.80
-152.74
-5.90
14.43
10.64
27.06
-38.15
-15.07
24.65
40.65
-64.68
-10.71
-22.05
17.75
-16.74
-6.90
10.66
-0.09
9.42
-10.92
3.52
-9.96
3.04
-57.49
2.26
-58.50
6.18
-8.92
-4.91
-0.65
-16.47
-26.76
4.93
-2.53
-5.10
-12.76
-4.57
-0.51
0.30
-4.00
-6.09
-10.78
-37.87
1.20
0.23
-0.04
0.99
3.00
-1.67
-0.55
2.11
-1.24
-14.49
-10.49
8.59
-6.75
-12.69
-6.48
2.31
3.82
13.24
-2.15
3.48
-2.24
2.31
4.00
-93.55
5.83
-7.66
2.42
4.84
-2.93
8.39
4.11
-0.60
-4.13
0.05
-4.37
3.13
1.35
6.09
1.96
-5.19
-4.38
-3.63
-0.21
10.19
0.33
6.50
-3.51
-0.74
-2.50
0.50
-3.70
4.13
-8.05
2.36
8.31
0.69
6.88
-2.05
4.38
0.82
-2.66
4.29
-1.52
-1.60
-17.60
5.61
-0.67
-2.13
4.64
-0.25
-2.01
1.33
1.40
0.53
0.95
5.61
-3.20
-1.70
0.98
-9.60
3.40
1.92
-1.70
3.88
-5.42
1.83
-0.26
-0.51
-6.05
2.57
-9.82
-8.25
-5.67
-9.00
-2.56
3.58
4.80
10.14
-5.05
-1.14
-18.65
-1.01
3.91
-30.29
0.61
3.24
1.67
-46.81
-6.16
2.83
-12.56
2.53
3.31
1.09
-1.25
4.05
-12.76
-2.81
1.42
16.84
15.03
5.95
0.99
-6.87
-6.20
-1.24
-49.97
4.04
-1.00
-0.46
13.37
-1.37
-4.80
-1.03
-7.56
6.08
-6.97
-4.04
7.38
-3.75
-21.43
-8.42
11.39
-9.98
-4.26
-16.74
0.87
-8.12
0.32
-7.11
23.10
-37.94
-312.39
3.30
-67.15
-27.85
-148.79
41.34
-42.51
1.34
-10.84
-102.70
18.84
-3.97
-6.17
9.48
-7.22
4.46
24.57
-3.77
-42.71
-2.42
1.96
0.44
1.99
0.64
-2.47
6.94
0.73
-1.03
3.95
-1.78
-0.62
3.12
3.67
3.61
-1.89
3.36
-1.06
2.34
8.24
-7.85
-1.70
0.66
4.36
-1.74
-0.09
-2.44
3.49
-3.97
-3.03
1.66
-4.68
-1.04
-5.64
-11.28
0.46
4.15
-5.88
-2.11
1.44
4.31
0.41
-0.73
1.12
8.38
-9.25
-0.17
-0.26
3.16
-1.45
3.76
-3.01
-0.48
3.01
-3.73
-1.83
-1.26
-7.96
-3.93
2.30
-6.62
-0.11
-6.03
7.97
-0.10
-0.02
6.03
5.35
3.59
0.19
-0.46
0.48
-5.13
1.01
7.15
-2.44
-5.41
3.65
0.70
-1.17
3.94
1.48
-1.00
4.01
1.33
2.74
-10.22
3.04
0.34
-3.11
-0.70
3.35
2.37
0.62
-0.74
-0.61
-0.22
-3.33
0.42
3.56
11.05
1.89
23.27
-1.61
6.14
2.39
-0.70
6.06
13.02
-6.13
-3.92
2.50
-7.51
-2.43
-2.29
1.09
-1.45
-6.76
1.54
0.49
0.81
0.57
-0.16
3.46
-4.35
-1.28
-4.29
-0.41
2.07
0.35
2.65
3.95
-2.10
-2.49
-0.33
-0.29
-2.21
2.16
1.43
0.64
-1.78
-4.06
4.66
2.33
-0.93
-2.84
-4.18
-8.66
-0.73
1.88
3.13
13.06
-5.53
4.11
-0.15
-1.89
-3.45
1.22
7.56
-2.41
-4.05
2.06
-1.99
2.40
0.86
-0.36
5.62
5.36
0.76
-5.82
-0.77
-1.44
-3.80
-0.23
-0.33
0.72
1.45
1.94
-0.27
0.31
2.38
-6.59
-5.00
2.68
-4.13
0.13
16.42
-2.66
-6.59
-0.48
-0.76
-1.20
0.01
-0.55
0.19
-0.91
0.13
1.34
4.08
-0.25
-5.00
-2.65
-1.83
1.11
2.84
-2.78
0.01
-1.31
1.66
0.86
-1.03
9.70
-0.21
1.78
3.89
9.39
3.61
3.14
4.38
-2.03
3.15
-1.31
5.89
-4.93
6.83
0.19
-2.94
-3.35
-6.33
0.51
0.12
-1.80
3.80
6.27
0.08
0.79
-0.87
1.61
2.17
3.19
-6.46
-3.93
4.84
3.64
1.52
1.04
-8.74
-0.92
-2.41
-2.85
-1.65
-1.17
0.67
-1.93
-2.28
5.97
2.51
-0.60
-0.01
2.38
1.42
-2.22
0.15
-3.65
8.53
13.60
-0.83
4.72
-0.63
0.96
1.22
2.70
1.09
-1.70
0.06
-5.60
1.85
1.02
-0.62
-2.29
6.29
0.65
-2.38
5.79
-0.40
-0.31
3.60
-0.07
0.05
-1.94
-0.06
2.74
2.01
-2.92
1.18
3.68
-5.77
-0.39
1.69
2.28
-1.77
-1.10
-1.76
-5.20
0.44
-4.12
-6.56
-2.07
-0.73
6.47
-6.79
-6.29
-12.98
-1.68
-5.00
-2.39
-2.29
0.21
1.70
1.13
0.10
0.88
7.82
1.96
4.76
3.02
0.91
-0.49
3.54
3.18
-1.59
6.09
6.80
4.41
5.13
2.45
-2.48
5.48
6.87
-6.22
-2.33
-3.92
-0.71
-0.44
0.36
0.59
-2.06
4.96
0.19
-1.76
-6.16
-5.77
-0.98
3.15
2.72
2.14
1.98
-3.99
-6.00
1.28
-0.57
-2.29
-1.17
0.06
5.40
2.53
3.14
0.04
16.69
3.48
1.60
0.71
5.78
2.45
1.32
2.47
2.33
1.07
2.23
1.58
-10.19
1.08
5.12
1.33
-17.14
2.61
6.43
-8.28
3.03
6.68
2.60
2.88
2.38
-2.16
-1.08
-7.90
-3.25
-2.93
-0.94
-1.36
-3.11
-0.68
1.44
-0.10
0.61
-5.31
-3.56
1.69
6.03
0.03
0.26
7.48
-2.69
-0.15
-0.40
21.79
0.65
-8.85
-3.61
-9.10
-4.44
-0.27
5.23
6.51
8.32
-3.47
-1.90
-4.35
-0.72
6.85
1.06
-4.53
-0.79
-1.26
-5.13
7.53
1.69
0.05
-0.54
-5.54
2.71
6.28
-4.07
-0.05
1.60
-1.61
-4.86
4.83
-10.70
20.70
4.12
1.58
2.27
6.94
-10.80
-22.63
-4.14
1.77
0.40
8.75
-0.61
-2.87
1.50
-3.01
-6.36
-2.58
13.08
10.15
3.52
-0.18
7.71
4.51
-4.75
1.66
6.01
0.70
-0.81
2.66
6.09
7.88
-1.23
-0.19
-3.54
0.19
-0.42
-1.14
0.52
-7.15
0.92
6.43
-1.38
3.91
-4.59
-7.42
2.88
0.68
-2.79
-4.17
-4.11
-1.21
8.69
2.30
0.90
2.81
2.56
-4.63
1.01
1.45
2.60
-5.61
-6.49
5.00
2.41
8.71
-5.32
-2.87
1.96
-2.19
-1.11
-2.35
-2.59
-6.29
-0.13
8.30
2.18
4.29
3.92
6.36
5.06
-1.26
1.49
0.87
1.89
-1.33
9.55
-2.43
9.22
3.59
6.98
5.98
6.64
10.06
7.93
10.23
17.96
10.11
-2.73
-3.43
1.34
-2.74
1.77
1.23
1.23
3.99
0.61
6.52
5.62
3.82
6.08
4.32
6.80
4.36
7.91
-0.94
5.84
10.14
-0.42
-11.17
-5.43
-0.73
2.40
2.74
1.57
2.24
0.13
2.00
0.88
7.15
5.85
3.51
4.39
7.92
4.73
8.43
14.49
16.95
8.67
6.15
5.19
12.59
3.63
2.90
6.03
3.71
11.20
5.31
2.07
8.29
4.45
1.64
4.29
8.63
4.64
4.14
6.06
5.24
-6.20
-2.94
0.45
3.45
4.89
0.03
7.98
4.28
5.49
-5.63
-1.58
3.79
-2.25
-2.98
-3.00
-4.37
0.19
-2.54
-1.52
-0.69
6.04
-3.27
-3.88
-3.28
4.19
5.10
3.10
0.57
9.34
0.20
1.96
0.89
4.14
8.76
-4.50
7.95
11.73
4.45
4.03
7.16
0.59
8.28
-0.55
0.52
3.36
6.19
-6.24
3.60
7.40
2.61
3.46
-1.12
2.61
-1.77
3.91
2.23
3.09
-1.75
-2.34
1.91
4.84
10.22
-1.39
2.74
9.48
0.85
-8.50
3.01
-0.15
-5.15
1.62
-7.29
7.82
1.33
-4.38
5.25
6.85
6.93
17.22
9.70
1.49
-1.08
-2.33
2.67
6.07
-5.37
-11.55
-0.22
-0.46
-7.98
-0.41
2.44
-0.37
1.51
0.73
0.79
2.26
-1.09
2.75
1.80
0.87
1.82
0.97
0.29
2.46
-2.62
-6.54
10.44
6.08
-18.23
-8.73
2.01
3.97
-1.80
1.26
-4.57
-0.88
-0.18
-0.08
-0.01
-4.75
1.46
7.79
-0.28
-3.87
2.36
-0.81
1.40
1.39
4.63
2.60
1.27
5.37
2.71
11.96
-1.38
4.46
4.49
1.00
-1.13
6.50
6.19
0.26
3.64
6.77
6.93
5.33
6.33
2.70
10.42
6.85
14.43
12.46
8.09
2.46
5.92
7.88
8.32
1.92
11.69
3.49
11.36
16.46
11.01
8.15
10.60
9.50
14.93
-5.51
-9.98
-4.82
1.89
4.50
10.46
17.71
0.38
0.11
-8.29
-1.34
4.78
-4.46
16.62
11.99
-5.41
-3.81
-0.46
1.35
4.87
9.52
-0.08
6.01
1.87
2.05
2.75
5.82
-0.45
3.97
7.65
-0.94
5.99
2.00
-0.12
6.32
-4.50
0.99
-4.39
-0.72
2.23
-2.93
-0.10
-2.52
-2.85
-1.64
-2.31
1.28
1.73
-5.75
5.43
-0.81
-0.03
-0.23
-1.73
6.67
6.52
2.51
-4.67
0.16
7.21
5.34
4.75
4.50
-0.04
1.60
-3.37
1.58
-4.48
-4.94
0.49
2.89
-4.08
-11.18
-3.69
-2.50
2.44
-2.22
1.08
0.60
1.24
3.70
-1.43
5.66
5.95
11.04
4.13
8.79
3.83
6.94
11.74
15.78
7.12
6.59
13.18
-3.21
7.57
7.09
9.33
8.71
-76.21
13.39
9.80
6.53
20.04
11.04
6.88
1.88
-2.86
-0.61
6.01
9.84
3.84
0.72
-0.56
-2.32
-1.67
-4.25
-0.62
0.13
-1.48
-0.91
12.20
-0.13
2.68
-2.69
0.61
2.53
4.91
0.62
-0.03
-0.88
-0.51
-0.71
-1.24
-0.67
-1.71
-4.01
-2.01
2.31
5.29
0.55
-1.08
-2.25
0.31
-2.32
-0.41
-2.35
0.84
1.90
-0.41
-4.26
2.70
8.31
7.62
9.80
4.49
5.11
11.37
3.42
7.65
4.94
4.95
0.05
-1.22
5.94
2.85
-3.30
-1.98
-4.99
5.84
4.55
-0.10
4.74
5.08
2.75
0.98
2.32
6.68
3.46
2.86
4.44
-5.30
0.40
-0.17
-0.02
-0.63
3.67
0.66
-1.21
2.58
-0.64
-3.11
4.40
2.65
0.57
13.72
10.49
4.27
11.32
1.33
0.67
9.66
9.08
0.14
6.03
2.98
6.63
2.29
8.39
-10.07
4.30
10.47
-0.46
0.92
3.57
3.17
-7.38
8.74
-0.33
-0.28
8.39
11.61
15.67
9.41
4.93
7.33
8.77
7.55
9.02
13.61
8.80
3.92
12.77
17.99
14.63
12.81
6.20
6.97
10.30
14.61
4.29
6.45
-0.56
1.16
8.89
6.93
4.42
12.62
-1.84
-0.39
0.90
0.73
1.01
0.41
0.83
-0.62
1.24
4.41
0.38
1.47
-11.87
12.28
11.59
11.41
11.15
10.70
2.94
7.91
-1.26
6.01
-5.28
-5.07
1.49
-0.51
-0.79
0.85
-0.10
-1.07
2.81
16.79
2.62
0.16
-10.50
-0.18
-0.82
0.33
10.06
-0.80
0.54
-0.45
0.60
0.65
-1.22
2.21
8.14
6.10
4.81
12.96
0.37
0.10
0.24
0.19
-1.77
0.84
1.47
1.15
-0.74
1.92
-0.26
-1.56
3.09
0.30
9.39
15.62
11.93
8.71
1.80
-0.24
0.69
-0.54
12.80
2.57
5.28
10.44
6.38
11.00
8.30
9.42
16.85
9.38
4.24
14.09
16.50
5.48
4.80
-0.09
8.91
7.75
11.86
6.31
9.84
18.92
-1.68
3.81
16.24
11.89
9.40
12.82
22.35
15.40
6.90
6.23
4.56
10.20
7.10
-0.87
6.63
0.24
4.55
-0.82
1.90
4.30
14.22
11.16
21.30
11.94
2.22
-3.21
3.42
7.62
-6.80
-2.83
-4.76
-2.94
-0.90
-2.09
-5.51
-3.97
-3.16
-1.35
-1.03
-1.73
4.39
-1.87
-2.59
1.30
0.59
-1.77
-2.54
0.90
-0.16
2.73
-0.83
2.77
-0.86
-3.60
-2.79
1.01
1.16
3.53
-0.58
11.20
4.07
5.51
1.39
2.34
1.83
0.73
-1.08
-2.27
0.16
5.33
2.45
1.79
-3.32
-3.33
2.61
3.53
-4.00
2.33
4.65
0.99
3.19
-6.18
1.11
3.62
3.98
-2.73
2.01
-1.23
2.89
-0.59
-0.62
2.82
6.96
6.06
2.52
6.57
-2.07
-2.82
0.73
0.33
0.04
-2.87
5.24
-0.28
-0.53
1.14
-0.94
0.46
1.14
0.25
-1.45
4.14
2.58
-1.25
-0.60
1.75
4.23
1.85
2.05
0.53
9.47
4.57
-0.01
2.44
-2.81
-6.03
3.09
10.96
3.23
12.94
7.27
1.90
3.81
6.19
9.90
-1.89
9.63
8.92
6.02
2.82
-2.48
-2.30
-1.94
0.24
-4.45
-0.25
5.63
7.05
13.10
11.68
5.34
3.42
-2.87
-0.78
-2.16
-6.59
-4.14
-7.43
-4.63
4.91
0.39
2.69
-0.41
1.72
0.29
1.04
-2.95
-3.43
2.34
13.48
7.97
-0.58
2.77
9.05
0.87
-3.60
1.79
2.54
8.96
2.59
0.24
12.43
-0.39
5.30
5.43
6.62
5.19
7.68
8.87
5.07
4.04
3.81
12.50
14.59
-3.25
-17.24
-11.85
-11.43
-3.58
-8.77
-1.34
11.40
4.00
2.01
13.96
10.31
3.77
8.70
3.95
6.52
8.49
11.40
0.56
-8.72
-5.25
-7.88
-2.51
-3.86
-3.70
-1.89
-11.22
-6.11
-9.14
-3.59
5.37
-7.43
-2.67
-2.61
-4.13
-0.02
-0.60
3.32
2.71
2.19
0.94
0.51
0.73
2.54
-0.71
-1.31
2.42
0.65
6.09
-3.17
3.94
3.02
0.95
0.73
4.14
3.76
4.10
2.64
9.14
2.92
0.35
2.08
-2.72
-1.32
-7.03
3.49
1.81
-1.44
-0.99
-3.01
-7.35
-0.43
-3.86
0.14
6.32
2.91
2.60
0.69
4.56
6.65
2.74
-8.22
-7.26
-6.83
-2.48
-7.33
-9.87
-10.87
0.82
-4.07
-3.84
-7.34
-1.46
-0.58
-7.43
-5.77
-5.42
-1.66
3.71
-5.87
-9.50
-6.30
-7.03
-11.84
-8.48
-7.46
-2.35
-5.17
-5.64
-1.54
-4.34
-4.65
-3.38
-1.76
-3.89
-1.98
-3.71
1.35
-2.91
-5.30
-1.41
-2.32
-4.00
0.97
-7.40
-4.46
-1.56
-0.51
6.66
5.98
5.87
10.70
2.27
3.82
2.04
-7.94
2.76
2.04
7.70
-7.42
-3.51
1.70
0.76
1.51
5.28
8.52
-0.85
-0.42
0.36
1.34
0.46
4.66
-0.48
-4.14
1.13
-0.70
5.21
3.30
1.94
1.17
5.21
-0.19
0.00
-7.05
-1.42
1.22
0.24
0.23
-0.73
-1.35
6.21
3.17
-5.07
6.70
5.20
-3.58
-0.87
5.09
3.90
3.16
3.40
7.15
0.32
-1.99
1.67
-5.94
-3.93
-5.56
-5.23
-5.57
-3.33
-5.61
4.48
14.61
8.63
13.91
3.32
5.07
4.79
3.29
3.22
1.16
3.44
5.25
1.02
7.08
6.24
5.25
6.54
3.59
6.82
1.63
9.10
5.62
-0.67
11.23
11.52
3.28
2.59
1.06
0.71
6.88
4.45
8.52
5.65
7.76
6.07
5.12
5.31
2.91
11.05
6.24
9.55
6.05
1.64
5.21
13.75
8.06
4.37
7.76
14.19
8.94
13.83
7.05
6.10
5.37
2.78
3.85
3.79
0.61
9.26
5.77
4.44
9.48
4.17
5.38
3.76
7.59
11.32
1.73
4.86
3.26
4.12
6.01
3.76
4.89
4.06
7.87
6.17
2.81
4.51
5.84
4.37
6.29
6.78
5.93
7.35
4.24
1.30
2.39
2.27
1.61
-0.08
0.39
-2.51
-2.53
-1.63
-2.06
-0.91
-0.80
1.85
4.11
-2.23
1.10
4.33
4.39
2.67
6.35
0.05
0.36
0.59
-1.86
0.58
-0.11
0.30
0.00
0.08
-0.31
0.30
-0.53
-1.05
0.39
1.67
0.57
-1.17
0.10
-3.36
-0.46
0.82
1.35
-3.32
-2.58
-2.52
-7.39
-9.71
-6.76
-9.84
-3.94
-8.42
-1.40
-4.82
1.35
-1.58
-1.26
-4.06
-5.35
-3.38
-1.55
-1.13
-5.41
0.76
4.21
-6.64
2.02
-3.93
-0.42
2.44
6.09
-4.34
2.75
0.61
3.64
5.81
7.88
8.64
11.24
5.65
-2.68
15.64
28.09
15.79
19.11
18.61
2.04
-0.44
-2.39
1.74
-5.18
-0.07
2.54
4.15
-0.23
-8.44
-2.62
-2.27
-6.94
-1.46
-1.33
0.26
1.17
-0.85
1.91
-12.80
-6.95
-3.00
6.64
3.86
-1.38
-3.19
10.20
8.99
6.63
3.74
8.26
10.32
-0.69
5.25
13.47
12.37
-6.11
-4.25
-3.89
-3.13
3.99
-10.37
-3.67
0.65
1.75
-0.27
4.22
6.53
6.34
0.94
6.87
4.14
-1.25
1.44
1.05
-2.75
-1.48
-10.31
-11.08
-17.89
-9.33
-0.43
-10.24
-12.58
-13.30
-7.19
3.10
-7.50
-3.92
-2.18
-3.46
-5.94
-3.46
-6.76
-6.13
-2.64
-10.15
-1.61
3.02
-5.51
-4.23
-0.56
-5.02
-1.19
-0.33
0.46
-5.61
-2.46
-4.67
-1.98
-0.52
-1.86
-13.37
-0.14
-15.46
-14.81
-12.46
-10.40
-13.78
-12.08
-13.39
-17.07
-3.51
-14.57
-7.82
-5.11
-8.72
-6.90
-16.11
-14.52
-7.30
-1.14
-0.81
-3513.95
-168.07
-1133.15
72.27
-4280.55
-1340.59
10.20
-22.46
-32.88
-480.20
-0.58
-12.09
4.65
-1.56
-0.96
5.51
8.42
2.25
3.28
5.80
1.85
-0.04
9.56
1.16
4.51
7.14
1.05
7.13
1.09
0.50
1.68
5.77
6.11
6.26
3.30
4.31
3.58
2.29
3.63
8.97
4.24
4.57
6.56
4.90
7.80
12.94
3.21
3.35
1.76
1.71
16.35
7.13
1.57
6.49
4.86
5.36
0.26
10.13
1.22
1.48
1.41
0.78
4.42
7.97
5.30
8.15
1.02
4.02
8.63
0.75
5.00
0.78
3.66
5.25
1.01
0.99
3.02
8.03
5.42
1.58
1.16
-2.24
1.06
0.88
4.79
5.10
0.78
0.83
0.50
6.22
0.53
3.57
6.14
0.26
8.44
0.48
8.05
0.72
0.20
0.90
0.36
0.67
0.70
7.03
0.83
0.63
0.48
8.13
0.42
0.15
5.33
0.32
0.34
0.35
11.99
0.41
7.03
0.30
4.85
0.74
5.24
0.53
0.40
5.11
1.00
0.82
0.56
1.06
0.77
0.61
0.54
6.61
19.70
0.60
0.56
0.56
0.51
0.61
13.76
0.41
4.11
10.47
3.91
1.46
1.30
0.96
5.71
1.25
8.91
0.88
0.89
5.25
0.44
9.54
1.14
0.69
5.15
7.97
5.53
3.13
6.75
1.73
9.30
12.96
2.82
2.03
9.40
10.72
2.50
14.59
10.86
5.10
4.03
9.11
7.13
9.16
13.30
19.72
2.86
6.66
9.03
-1.83
8.62
-4.00
11.86
9.17
10.26
6.88
5.98
5.09
-22.06
11.02
7.48
14.24
6.66
18.42
6.04
3.84
3.88
2.74
3.10
1.39
0.92
3.83
0.59
0.36
0.27
0.14
0.03
0.07
1.38
0.05
0.03
0.04
-4280.55
-1340.59
10.20
-22.46
-32.88
-480.20
-0.58
-12.09
4.65
-1.56
-0.96
5.51
8.42
2.25
3.28
5.80
1.85
-0.04
9.56
1.16
4.51
7.14
1.05
7.13
1.09
0.50
1.68
5.77
6.11
6.26
3.30
4.31
3.58
2.29
3.63
8.97
4.24
4.57
6.56
4.90
7.80
12.94
3.21
3.35
1.76
1.71
16.35
7.13
1.57
6.49
4.86
5.36
0.26
10.13
1.22
1.48
1.41
0.78
4.42
7.97
5.30
8.15
1.02
4.02
8.63
0.75
5.00
0.78
3.66
5.25
1.01
0.99
3.02
8.03
5.42
1.58
1.16
-2.24
1.06
0.88
4.79
5.10
0.78
0.83
0.50
6.22
0.53
3.57
6.14
0.26
8.44
0.48
8.05
0.72
0.20
0.90
0.36
0.67
0.70
7.03
0.83
0.63
0.48
8.13
-16.18
-29.69
-40.28
-18.88
-27.34
-34.79
0.12
-41.98
-49.84
-2.23
9.36
8.90
13.03
15.87
43.99
27.80
47.45
-19.52
-17.39
6.31
-28.84
-38.90
5.65
-20.99
1.62
37.33
84.12
-12.43
-6.64
-40.27
75.61
4.72
29.23
-16.03
12.76
-48.09
-13.53
8.23
12.08
-5.14
-5.18
5.68
3.35
12.22
11.08
-46.36
22.12
3.19
-30.48
-86.92
17.57
-35.79
7.16
4.45
32.12
36.12
18.93
-19.58
-52.80
-17.43
-32.88
-65.03
-50.30
16.68
-38.92
-88.72
-1.28
-4.22
-16.77
8.78
-28.95
41.15
-10.08
0.61
2.26
-5.45
0.59
-1.63
19.99
0.30
-1.06
-0.66
0.39
-6.59
-18.06
-11.75
2.21
-11.17
-12.07
23.50
33.14
-2.64
-2.30
-1.48
-1.17
1.26
0.78
-1.26
0.91
-131.63
-2.07
-0.25
-0.05
0.31
-3.30
2.66
30.95
-1.24
1.52
-1.06
-0.40
-0.36
-0.89
1.67
-0.35
2.67
1.14
10.26
-2.95
-38.95
-0.92
-1.54
-0.22
1.31
-0.19
2.18
-15.66
-0.23
0.47
-2.40
-0.32
20.59
-0.97
-4.14
-2.26
10.35
0.05
16.91
-0.80
-0.58
25.65
0.37
0.37
-0.89
-0.68
0.41
0.33
0.83
51.44
-1.45
29.84
-1.31
26.37
4.66
-51.41
2.69
-80.63
-34.13
-44.80
12.73
7.36
-3.99
30.50
-28.09
-40.84
-2.56
-2.72
38.55
-5.60
14.70
-131.09
-25.38
-139.52
24.65
-4.84
-16.33
-70.03
-20.58
32.41
13.96
3.29
45.17
-15.04
28.54
4.41
-30.01
-11.37
3.41
6.11
0.09
-14.52
-11.94
7.06
-32.17
1.39
-0.93
15.06
-6.81
3.21
0.19
-91.17
0.23
0.11
20.02
-7.61
-53.08
0.06
7.40
0.02
6.00
-0.01
-0.88
-0.00
0.00
11.74
0.01
23.03
-0.01
-0.46
0.00
0.68
0.01
0.00
0.59
0.00
-5.25
-0.00
-10.30
0.00
1.57
-0.00
-0.00
-5.72
-0.00
-0.96
-0.00
-0.47
0.00
0.62
-0.00
-1.13
0.00
0.52
-0.00
-0.00
-14.55
0.00
0.99
-0.00
0.05
-0.00
0.54
-0.00
0.58
0.00
1.78
-0.00
-7.68
-0.00
0.00
-7.28
-0.00
-0.33
0.00
1.24
0.00
-0.04
-0.00
0.74
0.00
-7.02
-0.00
-0.00
-18.04
-0.00
0.15
0.00
-0.36
0.00
-0.07
-0.00
-2.99
-0.00
0.13
-0.00
-2.05
0.00
-0.00
-10.90
0.00
2.29
-0.00
1.12
-0.00
0.65
0.00
1.42
0.00
1.07
0.00
1.79
0.00
0.87
-0.00
0.71
-0.00
-0.00
-0.52
-0.00
1.88
0.00
0.30
0.00
-1.16
-0.00
0.38
-0.00
-1.46
-0.00
-0.52
0.00
-0.89
-0.00
1.20
-0.00
0.62
-0.00
0.00
2.18
-0.00
0.65
-0.00
-0.62
0.00
0.08
-0.00
0.33
-0.00
-0.82
-0.00
0.58
-0.00
-0.73
-0.00
-0.06
0.00
0.00
-5.56
-0.00
1.45
0.00
-0.16
-0.00
-0.22
-0.00
-3.55
0.00
1.23
-0.00
-0.62
-0.00
0.83
-0.00
-0.41
0.00
-0.51
-0.00
-0.00
-0.34
0.00
0.11
-0.00
0.28
0.00
-0.15
-0.00
-1.91
-0.00
0.34
-0.00
0.21
-0.00
-0.22
-0.00
1.19
0.00
-1.70
0.00
0.00
0.03
-0.00
0.15
0.00
-0.01
-4.97
0.05
-0.00
-0.08
0.00
-0.12
-0.00
-0.07
-0.00
-1.36
-0.00
0.25
-0.00
-0.32
-0.00
0.00
-0.19
0.00
0.12
-0.00
0.06
0.00
-1.20
-0.00
-2.43
-0.00
-1.02
-0.00
0.02
-0.00
0.27
-0.00
-0.27
0.00
-0.00
-3.42
-0.00
-0.08
-0.00
-4.05
0.00
-0.07
0.00
-0.00
0.00
-0.01
-0.00
-0.10
-0.00
-0.04
-0.00
0.04
-0.00
-0.05
0.00
0.00
0.03
0.00
-1.32
-0.00
-0.00
-0.00
-0.03
-0.00
0.01
0.00
-0.01
0.00
0.01
0.00
-0.05
-0.00
0.01
0.00
-0.04
-0.00
0.00
0.01
0.00
0.01
0.00
-0.08
0.00
-0.00
0.00
0.03
0.00
-0.02
0.00
0.00
0.00
0.03
0.00
-0.06
0.00
0.00
-0.03
0.00
1.60
0.00
0.00
0.00
0.00
0.00
0.02
0.00
0.01
0.00
0.09
0.00
-0.00
0.00
-0.01
0.00
0.00
0.00
0.00
0.03
0.00
-0.03
0.00
0.02
0.00
0.02
0.00
-1.39
0.00
0.05
0.00
-0.00
0.00
0.02
0.00
-0.02
0.00
0.11
0.00
0.00
-0.05
0.00
0.03
0.00
0.03
0.00
-0.07
0.00
-0.01
0.00
0.00
0.00
-0.04
0.00
0.00
0.00
-0.05
0.00
0.00
-0.04
0.00
-0.03
0.00
0.04
0.00
-0.05
0.00
-0.03
0.00
0.03
0.00
1.24
0.00
-0.04
0.00
0.01
0.00
-0.05
0.00
0.00
0.35
0.00
-0.03
0.00
0.04
0.00
-0.03
0.00
0.00
0.00
0.01
0.00
0.01
0.00
0.70
0.00
-0.10
0.00
0.00
1.67
0.00
-0.15
0.00
-0.01
0.00
-2.97
0.00
-0.31
0.00
0.05
0.00
-0.02
0.00
0.04
0.00
-0.13
0.00
0.00
0.04
0.00
0.06
0.00
-0.02
0.00
-0.01
0.00
-0.02
0.00
0.04
0.00
0.03
0.00
-0.02
0.00
-0.04
0.00
-0.03
0.00
0.00
0.01
0.00
0.01
0.00
0.01
0.00
-0.03
0.00
-0.01
0.00
-0.03
0.00
-0.01
0.00
0.07
0.00
-0.02
0.00
0.00
0.02
0.00
0.02
0.00
0.03
0.00
-0.12
0.00
-0.01
0.00
0.01
0.00
-0.01
0.00
0.04
0.00
-0.03
0.00
0.00
-0.01
0.00
0.04
0.00
-0.06
0.00
0.08
0.00
0.02
0.00
-0.02
0.00
0.57
0.00
0.05
0.00
0.02
0.00
-0.30
0.00
0.00
-0.02
0.00
0.01
0.00
0.02
0.00
-0.24
0.00
-0.03
0.00
-0.09
0.00
-0.04
0.00
0.09
0.00
-0.05
0.00
-0.04
0.00
0.00
-0.01
0.00
-1.64
0.00
0.04
0.00
0.00
0.00
-0.04
0.00
0.03
0.00
-0.03
0.00
-0.04
0.00
0.46
0.00
0.00
0.02
0.00
0.29
0.00
0.03
0.00
-0.00
0.00
-0.05
0.00
0.02
0.00
-0.03
0.00
-0.01
0.00
0.00
0.00
0.00
-0.01
0.00
-0.01
0.00
-3.13
0.00
0.07
0.00
0.04
0.00
-0.01
0.00
-0.01
0.00
-0.01
0.00
-0.01
0.00
-0.03
0.00
0.00
-0.02
0.00
-0.67
0.00
-0.03
0.00
0.03
0.00
-0.01
0.00
0.01
0.00
0.04
0.00
0.01
0.00
0.01
0.00
0.00
0.00
0.00
0.00
0.00
0.01
0.00
0.03
0.00
-1.94
0.00
0.02
0.00
0.00
0.00
-0.04
0.00
-0.02
0.00
-0.00
0.00
0.00
0.01
0.00
0.01
0.00
0.03
0.00
-0.01
0.00
0.02
0.00
0.01
0.00
-0.03
0.00
0.01
0.00
0.00
0.00
0.00
-0.00
0.00
0.00
0.00
-0.00
0.00
0.01
0.00
-0.01
0.00
-0.02
0.00
0.02
0.00
0.00
0.00
-0.01
0.00
0.00
0.02
0.00
0.00
0.00
0.00
0.00
0.00
0.00
0.00
0.00
-0.00
0.00
-0.00
0.00
-0.02
0.00
-0.01
0.00
-0.01
0.00
0.00
0.00
0.00
-0.01
0.00
-0.00
0.00
0.02
0.00
0.00
0.00
-0.02
0.00
-0.01
0.00
-0.00
0.00
-0.00
0.00
0.00
0.00
0.00
-0.00
0.00
-0.01
0.00
0.01
0.00
-0.00
0.00
0.00
0.00
-0.01
0.00
0.02
0.00
5.34
0.00
0.00
0.00
0.00
-0.00
0.00
-0.00
0.00
-0.05
0.00
-0.03
0.00
0.02
0.00
0.05
0.00
-0.01
0.00
-5.00
0.00
0.00
0.00
0.01
0.00
0.00
2.45
0.00
0.03
0.00
-0.00
0.00
0.00
0.00
0.00
0.00
-0.01
0.00
0.00
-23.58
0.00
0.01
0.00
-0.01
0.00
-4.43
0.00
-0.03
0.00
0.02
0.00
0.02
0.00
0.00
0.00
-0.00
0.00
0.00
0.02
0.00
-0.02
0.00
-0.03
0.00
0.00
0.00
0.02
0.00
-0.02
0.00
0.01
0.00
-0.01
0.00
-0.00
0.00
-0.00
0.00
0.00
-0.00
0.00
0.01
0.00
-0.00
0.00
-0.01
0.00
0.02
0.00
-0.00
0.00
-0.02
0.00
0.01
0.00
-0.01
0.00
0.00
0.01
0.00
-0.00
0.00
-0.00
0.00
0.01
0.00
-0.01
0.00
0.01
0.00
0.01
0.00
0.01
0.00
-0.00
0.00
0.02
0.00
0.00
-0.00
0.00
0.00
0.00
-0.00
0.00
0.00
0.00
-0.00
0.00
-0.00
0.00
0.01
0.00
-0.00
0.00
0.00
0.00
0.00
0.01
0.00
-0.00
0.00
-0.01
0.00
0.01
0.00
-0.01
0.00
0.00
0.00
0.00
0.00
0.01
0.00
-0.00
0.00
0.00
-0.01
0.00
-0.00
0.00
-0.00
0.00
0.02
0.00
-0.00
0.00
0.02
0.00
-0.00
0.00
-0.01
0.00
0.01
0.00
0.01
0.00
0.00
-0.01
0.00
0.01
0.00
-0.01
0.00
-0.00
0.00
0.01
0.00
2.02
0.00
0.01
0.00
-0.01
0.00
-0.01
0.00
0.00
-0.03
0.00
0.01
0.00
0.01
0.00
0.02
0.00
-0.02
0.00
0.00
0.00
0.01
0.00
0.00
0.00
-0.02
0.00
0.00
0.02
0.00
0.01
0.00
-0.01
0.00
-0.02
0.00
0.01
0.00
0.01
0.00
0.01
0.00
0.01
0.00
0.00
0.00
0.00
-0.03
0.00
-0.01
0.00
0.00
0.00
0.01
0.00
0.03
0.00
0.00
0.00
0.00
0.00
-0.00
0.00
0.00
0.00
-0.01
0.00
0.00
0.01
0.00
0.01
0.00
0.02
0.00
-0.02
0.00
0.01
0.00
-0.03
0.00
0.01
0.00
-0.01
0.00
0.01
0.00
0.00
0.00
0.00
0.00
0.00
0.01
0.00
0.00
0.00
0.01
0.00
-0.01
0.00
0.00
0.00
0.02
0.00
0.01
0.00
-0.02
0.00
0.00
0.01
0.00
-0.00
0.00
-0.00
0.00
0.01
0.00
0.01
0.00
0.01
0.00
0.01
0.00
-1.80
0.00
-0.03
0.00
0.00
0.01
0.00
-0.01
0.00
0.00
0.00
0.03
0.00
0.00
0.00
-0.54
0.00
-0.00
0.00
-0.01
0.00
0.00
0.00
0.00
0.00
0.00
0.02
0.00
-0.01
0.00
-0.01
0.00
0.00
0.00
0.01
0.00
0.00
0.00
0.01
0.00
-0.01
0.00
-0.00
0.00
0.00
-0.01
0.00
0.01
0.00
-0.00
0.00
0.00
0.00
0.00
0.00
0.01
0.00
0.00
0.00
-0.00
0.00
0.01
0.00
0.01
0.00
0.00
-0.01
0.00
-0.00
0.00
0.00
0.00
0.01
0.00
-0.01
0.00
-1.51
0.00
0.00
0.00
-0.00
0.00
0.01
0.00
0.00
-0.00
0.00
-0.00
0.00
0.00
0.00
-0.00
0.00
0.00
0.00
-0.00
0.00
-0.01
0.00
0.01
0.00
0.01
0.00
0.00
0.00
0.00
0.00
-0.00
0.00
0.00
0.00
0.00
-0.01
0.00
-0.00
0.00
0.00
0.00
0.00
0.00
-0.00
0.00
-0.00
0.00
-0.00
0.00
0.01
0.00
0.01
0.00
0.00
-0.00
0.00
-0.00
0.00
-0.00
0.00
0.00
0.00
-0.00
0.00
0.01
0.00
-0.00
0.00
-0.00
0.00
0.01
0.00
0.00
-0.00
0.00
0.00
0.00
0.00
0.00
0.00
0.00
0.01
0.00
-0.01
0.00
-0.00
0.00
-0.01
0.00
0.00
0.00
-0.01
0.00
0.00
-0.00
0.00
0.01
0.00
0.00
0.00
-0.00
0.00
0.00
0.00
0.00
0.00
-0.00
0.00
-0.00
0.00
0.00
0.00
0.00
-0.00
0.00
-0.00
0.00
-0.00
0.00
0.00
0.00
0.00
0.00
-0.00
0.00
-0.00
0.00
-0.00
0.00
-0.01
0.00
0.00
0.00
0.00
0.00
0.00
0.00
0.00
0.00
0.00
-0.00
0.00
0.00
0.00
0.00
0.00
0.00
0.00
0.00
0.00
0.00
0.00
0.00
-0.01
0.00
-0.00
0.00
3.86
0.00
-0.00
0.00
-0.01
0.00
0.01
0.00
-0.00
0.00
0.00
0.00
0.00
0.00
-0.00
0.00
-0.00
0.00
0.00
0.02
0.00
0.01
0.00
0.02
0.00
0.02
0.00
0.00
0.00
0.00
0.00
-0.01
0.00
-0.00
0.00
0.01
0.00
0.01
0.00
-0.01
0.00
-2.86
0.00
-0.00
0.00
-0.00
0.00
0.00
0.00
0.00
-0.00
0.00
-0.00
0.00
-0.01
0.00
0.01
0.00
-0.00
0.00
-0.01
0.00
0.00
0.00
0.00
-0.00
0.00
0.00
0.00
-0.00
0.00
0.00
0.00
0.01
0.00
0.00
0.00
0.01
0.00
0.00
0.00
0.00
-0.01
0.00
0.00
0.00
0.00
0.00
0.01
0.00
0.01
0.00
-0.00
0.00
-0.00
0.00
0.01
0.00
0.01
0.00
0.00
0.00
0.00
0.00
0.00
0.00
0.00
0.02
0.00
-0.00
0.00
-0.00
0.00
-0.00
0.00
0.00
0.00
-0.00
0.00
0.00
0.00
0.00
0.00
0.00
0.00
0.00
-0.01
0.00
-0.00
0.00
0.00
0.00
0.00
0.00
-0.00
0.00
0.00
0.01
0.00
0.00
0.00
-0.01
0.00
-0.00
0.00
0.00
0.00
0.01
0.00
-0.00
0.00
-0.00
0.00
0.00
0.00
0.00
-0.01
0.00
-0.00
0.00
-0.02
0.00
-0.01
0.00
0.01
0.00
0.00
0.00
-0.00
0.00
0.00
0.00
0.00
0.01
0.00
-0.00
0.00
0.01
0.00
0.01
0.00
-0.00
0.00
0.00
0.00
-0.01
0.00
-0.00
0.00
-0.00
0.00
0.00
-0.01
0.00
0.00
0.00
-0.00
0.00
-0.00
0.00
0.01
0.00
-0.00
0.00
0.01
0.00
0.00
0.00
0.00
-0.00
0.00
-0.00
0.00
0.00
0.00
0.01
0.00
-0.01
0.00
-0.00
0.00
0.00
0.00
-0.00
0.00
-0.01
0.00
0.00
0.01
0.00
0.01
0.00
0.01
0.00
0.01
0.00
0.00
0.00
0.01
0.00
-0.01
0.00
0.01
0.00
0.00
0.00
0.00
0.00
0.00
-0.00
0.00
0.01
0.00
0.01
0.00
0.01
0.00
-0.00
0.00
0.00
0.00
0.00
0.00
0.00
-0.00
0.00
-0.00
0.00
0.00
0.00
-0.00
0.00
0.00
0.00
0.00
0.00
0.01
0.00
0.00
0.00
0.00
0.01
0.00
0.00
0.00
-0.00
0.00
0.01
0.00
0.00
0.00
-0.00
0.00
0.00
0.00
-0.00
0.00
-0.00
0.00
0.00
0.00
0.00
-0.00
0.00
-0.00
0.00
0.00
0.00
0.00
0.00
-0.01
0.00
0.00
0.00
-0.01
0.00
-0.00
0.00
0.00
-0.01
0.00
-0.01
0.00
-0.00
0.00
0.00
0.00
-0.00
0.00
-0.00
0.00
0.00
0.00
0.00
0.00
0.00
-0.00
0.00
-0.01
0.00
0.00
0.00
-3.44
0.00
-0.00
0.00
-0.00
0.00
0.00
0.00
0.00
0.00
0.00
-0.00
0.00
0.00
0.00
0.00
0.00
0.00
0.00
-0.00
0.00
-5.36
0.00
0.00
0.00
0.00
0.00
0.00
0.00
0.00
-0.00
0.00
0.00
0.00
0.00
0.00
-0.00
0.00
0.00
0.00
0.00
0.00
0.00
0.00
-0.00
0.00
0.00
0.00
0.00
0.00
0.00
-0.00
0.00
-0.00
0.00
0.00
0.00
-0.00
0.00
0.00
0.00
0.00
0.00
-0.00
0.00
0.00
0.00
0.00
0.00
0.00
0.00
0.00
-0.00
0.00
0.00
0.00
0.00
0.00
0.00
0.00
0.00
0.00
-0.00
0.00
0.00
0.00
0.00
0.00
0.00
-0.00
0.00
-0.00
0.00
0.00
0.00
-0.00
0.00
0.00
0.00
0.00
0.00
0.00
0.00
0.00
-0.00
0.00
0.00
0.00
0.00
0.00
-0.00
0.00
0.00
0.00
-0.00
0.00
0.00
0.00
0.00
0.00
0.00
0.00
0.00
0.00
0.00
-0.00
0.00
0.00
0.00
-0.00
0.00
0.00
0.00
-0.00
0.00
-0.00
0.00
0.00
-0.00
0.00
-0.00
0.00
-0.00
0.00
0.00
0.00
0.00
0.00
0.00
0.00
-0.00
0.00
-0.00
0.00
0.00
0.00
0.00
0.00
0.00
0.00
0.00
0.00
0.00
-0.00
0.00
0.00
0.00
0.00
0.00
0.00
0.00
-0.00
0.00
0.00
0.00
0.00
-0.00
0.00
0.00
0.00
0.00
0.00
0.00
0.00
0.00
0.00
0.00
0.00
-0.00
0.00
-0.00
0.00
0.00
0.00
0.00
-0.00
0.00
0.00
0.00
0.00
0.00
0.00
0.00
0.00
0.00
-0.00
0.00
-0.00
0.00
0.00
0.00
0.00
-0.00
0.00
-0.00
0.00
0.00
0.00
0.00
0.00
0.00
0.00
0.00
0.00
0.00
0.00
-0.00
0.00
0.00
0.00
0.00
0.00
0.00
0.00
0.00
0.00
0.00
-0.00
0.00
-0.00
0.00
-0.00
0.00
0.00
0.00
-0.00
0.00
0.00
0.00
0.00
-0.00
0.00
-0.00
0.00
0.00
0.00
0.00
0.00
0.00
0.00
-0.00
0.00
0.00
0.00
-0.00
0.00
0.00
-0.00
0.00
0.00
-0.00
0.00
0.00
0.00
-24.34
-0.00
-37.85
0.00
-37.69
-0.00
-24.71
-0.00
-5.49
0.00
-29.37
0.00
-27.66
0.00
-54.50
-0.00
-4.57
-0.00
-35.08
-0.00
-14.25
0.00
-89.54
-53.02
-0.00
-10.21
-0.00
-8.79
0.00
53.08
-0.00
-47.14
0.00
3.39
-0.00
-44.52
-62.92
-0.00
-56.90
-0.00
-45.70
0.00
6.90
-0.00
-35.05
0.00
-44.87
-0.00
-42.75
-0.00
16.67
-9.99
0.00
-14.05
-0.00
-28.31
-0.00
43.77
0.00
-35.57
-0.00
-41.39
-0.00
-19.86
0.00
39.20
0.00
-75.05
-0.00
-39.69
-0.00
0.22
-0.00
3.03
-17.88
0.00
84.31
-0.00
53.17
0.00
53.02
0.00
58.29
0.00
-15.20
0.00
13.29
0.00
-68.08
0.00
15.25
0.00
23.24
19.93
-0.00
-25.19
0.00
-0.00
8.20
40.23
0.00
2.51
0.00
31.20
0.00
-81.97
-0.00
-42.61
3.36
0.00
12.24
0.00
-13.27
-0.00
11.83
-0.00
-6.62
-5.92
0.00
-3.33
-0.00
-1.79
-0.00
-22.06
-10.24
-0.00
-18.31
-0.00
-0.86
-0.00
-14.57
0.00
12.22
0.00
-23.50
-9.85
-0.00
-16.97
0.00
15.91
-0.00
-5.84
-56.62
0.00
30.42
0.00
-4.51
-0.00
-19.57
-53.08
0.00
-14.21
0.00
-8.53
-0.00
-38.37
49.85
-0.00
11.17
-0.00
-31.31
-0.00
-36.07
29.82
0.00
24.19
0.00
-13.28
0.00
-23.24
-0.00
11.98
-25.39
0.00
-12.86
0.00
-0.49
0.00
18.69
39.10
0.00
2.12
-0.00
-19.51
0.00
52.25
-0.00
-12.54
0.00
24.05
33.42
0.00
-6.26
-0.00
-22.18
-0.00
-17.61
2.22
0.00
4.29
-0.00
-34.01
0.00
11.38
-22.44
0.00
4.68
-0.00
8.36
-0.00
-20.81
19.11
0.00
-12.33
0.00
7.25
0.00
-38.13
-0.00
-65.34
0.00
22.23
-2.85
0.00
-6.28
0.00
4.64
-0.00
-3.82
-14.96
-0.00
-5.08
-0.00
1.16
0.00
-71.82
8.24
0.00
-35.29
-0.00
3.28
0.00
-2.93
-0.00
-13.60
19.63
-0.00
-5.08
0.00
12.48
0.00
5.78
-2.75
0.00
0.63
-0.00
-6.84
0.00
-19.22
-47.32
-0.00
-3.66
-0.00
5.08
0.00
-10.60
-13.32
0.00
-12.95
0.00
4.91
0.00
-7.92
-0.00
-0.13
-15.35
0.00
-10.54
-0.00
-12.92
0.00
-19.14
6.38
0.00
0.57
-0.00
-8.93
-0.00
-4.93
-28.87
0.00
-16.26
0.00
-14.84
0.00
-1.99
-9.16
0.00
18.82
-0.00
-8.66
0.00
-14.96
-13.68
0.00
-9.17
-0.00
-23.12
-0.00
-27.66
-0.00
5.69
10.35
-0.00
-1.73
0.00
-13.86
0.00
-14.97
-37.34
0.00
5.63
-0.00
-12.77
0.00
3.52
-10.51
0.00
-1.02
0.00
53.03
0.00
-13.61
31.45
0.00
0.00
25.02
-7.64
0.00
-1.46
-0.00
-9.69
-0.00
-11.80
12.51
0.00
-11.29
-0.00
-33.93
-0.00
-16.21
-12.80
0.00
-12.76
0.00
-14.95
0.00
-1.08
-0.00
6.02
-3.90
0.00
-8.16
0.00
-5.02
-0.00
-51.46
-13.90
-0.00
-12.01
-0.00
14.56
0.00
-19.31
-16.22
0.00
28.76
0.00
-17.00
-0.00
-18.71
2.07
0.00
-12.66
-0.00
-6.10
0.00
-12.32
-0.00
-7.83
3.88
0.00
-15.50
0.00
-11.90
0.00
-22.94
-9.17
0.00
1.95
0.00
-7.00
0.00
0.80
-14.39
-0.00
-11.52
-0.00
-17.48
-0.00
-17.09
32.76
0.00
-12.31
0.00
-8.46
-0.00
13.60
0.00
-1.84
14.15
0.00
7.58
-0.00
-19.67
0.00
-17.06
2.81
0.00
-40.39
0.00
-52.56
0.00
-24.14
-28.51
0.00
-35.46
-0.00
-13.92
0.00
-20.31
0.00
-25.15
7.96
0.00
-20.97
-0.00
-2.77
-0.00
-4.59
-21.49
-0.00
-1.01
0.00
-8.67
0.00
3.92
-4.21
-0.00
-10.88
0.00
-4.02
0.00
-3.99
1.98
-0.00
1.49
0.00
31.95
-0.00
10.55
-0.00
-1.08
3.77
0.00
9.93
0.00
28.56
-0.00
4.91
-14.25
-0.00
46.67
-0.00
-3.67
0.00
-0.28
-10.91
0.00
-13.99
0.00
0.17
-0.00
10.77
0.00
-6.82
-6.35
-0.00
-2.80
-0.00
-12.44
0.00
1.50
-4.44
0.00
0.18
-0.00
-107.64
0.00
3.75
-1.47
-0.00
3.62
0.00
-3.07
0.00
-7.92
0.00
-9.85
-26.89
-0.00
5.00
-0.00
-9.45
0.00
-1.98
-22.44
0.00
-13.37
-0.00
-26.91
-0.00
-33.60
-8.84
0.00
3.61
-0.00
-33.92
0.00
-1.80
-31.86
0.00
-39.60
0.00
-71.63
0.00
5.78
0.00
-0.14
-1.94
0.00
-0.42
0.00
-12.30
-0.00
-17.03
-16.00
0.00
-16.42
-0.00
-17.44
-0.00
-8.35
-0.01
0.00
-11.39
-0.00
-12.78
0.00
1.55
-42.11
-0.00
-6.73
0.00
-13.35
0.00
-5.15
-0.00
-3.74
-2.92
-0.00
-9.44
0.00
-7.64
0.00
-5.59
1.25
-0.00
-4.62
-0.00
-9.90
0.00
-8.11
0.74
0.00
-7.71
0.00
-4.01
-0.00
2.27
-0.00
-16.86
2.33
0.00
6.66
0.00
4.15
0.00
-2.16
-23.17
0.00
1.66
0.00
-2.52
0.00
-4.32
-28.67
0.00
-18.12
-0.00
-15.43
-0.00
-11.13
0.00
-7.78
5.37
0.00
-2.99
0.00
-7.86
0.00
-1.78
-8.98
0.00
-1.48
-0.00
-2.25
-0.00
0.12
-2.81
0.00
-10.64
0.00
-16.10
0.00
-1.95
-0.00
3.19
-11.36
0.00
-11.00
-0.00
-7.68
0.00
4.86
16.56
0.00
-1.60
-0.00
-19.81
0.00
-32.87
-9.77
0.00
11.26
0.00
-16.69
0.00
-7.60
-5.63
0.00
0.84
0.00
6.50
-0.00
-13.61
-0.00
-22.70
0.42
-0.00
-4.97
0.00
-14.74
0.00
8.22
2.11
-0.00
2.73
0.00
-27.49
-0.00
-9.06
-21.19
-0.00
-10.90
0.00
-5.64
0.00
-9.21
-0.00
-17.45
-2.18
-0.00
1.88
0.00
-32.17
0.00
-24.36
-7.75
0.00
-23.88
0.00
-36.27
-0.00
-25.60
-25.33
-0.00
-0.31
0.00
-8.80
0.00
-14.07
0.00
-9.34
-27.64
-0.00
-30.90
0.00
-28.73
0.00
-32.84
-10.54
0.00
-35.60
0.00
-16.28
-0.00
-17.16
-12.57
-0.00
-21.04
-0.00
-2.89
0.00
6.62
-24.65
0.00
-1.59
-0.00
0.36
-0.00
2.14
0.00
-11.79
8.38
-0.00
-11.97
0.00
-38.20
0.00
-14.73
-4.50
0.00
4.44
0.00
-10.13
0.00
-21.27
-5.54
0.00
-19.05
0.00
-16.54
0.00
-14.23
0.00
-23.29
-4.38
-0.00
-7.72
0.00
-17.79
-0.00
-18.55
-1.49
0.00
-16.12
-0.00
-36.88
-0.00
-8.33
-17.98
-0.00
-7.64
-0.00
-8.79
0.00
-3.04
0.00
-13.98
-11.99
0.00
-37.68
-0.00
1.50
-0.00
-0.37
-22.84
0.00
-7.87
-0.00
-9.99
0.00
-46.71
-26.85
0.00
-13.86
0.00
-12.36
-0.00
-3.72
8.21
-0.00
-16.44
0.00
-5.05
0.00
-11.55
0.00
-0.13
-10.74
0.00
-12.19
-0.00
-2.19
0.00
-11.99
-33.94
0.00
-5.90
0.00
-39.30
0.00
-11.15
-17.45
-0.00
-0.79
0.00
-3.56
-0.00
5.05
2.46
0.00
-11.42
-0.00
-50.40
0.00
-26.34
1.02
-0.00
-15.61
0.00
-11.77
-0.00
-4.79
-0.00
-35.45
-9.77
0.00
-12.87
0.00
-4.21
0.00
1.76
-24.92
0.00
-16.16
-0.00
-1.65
0.00
-1.18
-1.98
-0.00
-11.21
0.00
-3.62
0.00
-14.04
-3.48
-0.00
-25.31
-0.00
-7.42
0.00
4.56
-0.00
-11.73
-12.83
0.00
-9.18
0.00
-39.99
0.00
-56.78
5.90
0.00
-15.65
0.00
-5.89
0.00
-19.50
-6.85
0.00
-20.06
-0.00
-3.60
-0.00
-29.26
0.00
-9.50
-15.41
0.00
-15.59
-0.00
-5.16
6.82
-27.48
-21.53
-12.64
-16.43
-4.06
-8.12
-12.40
-4.60
4.13
-8.73
-12.61
-0.73
-21.53
-1.97
-12.33
2.64
-8.87
-10.53
-26.88
-2.98
-9.00
-0.72
-12.36
-5.95
-19.35
-4.31
-17.77
-0.58
-7.19
-1.98
-17.66
-10.58
-0.36
-14.34
-12.65
-3.18
-11.89
-15.41
-7.83
-9.67
-11.20
11.42
-0.54
-6.11
4.81
-18.07
-16.76
-20.85
-29.21
-8.98
-20.26
-3.76
-20.24
1.97
-24.54
-6.75
14.97
-14.96
3.71
-4.37
4.01
-30.74
5.81
-7.81
10.05
1.40
15.95
-21.64
5.01
-9.97
-30.26
2.75
-17.77
-9.95
1.40
-17.78
19.51
0.93
-27.84
-9.78
-7.95
-10.27
19.00
-6.08
11.63
-8.25
-29.94
8.31
-6.39
9.65
-2.19
-16.45
-5.47
18.13
-1.25
22.42
-3.31
-26.61
-6.45
-0.31
-2.68
-13.28
2.72
20.29
-11.79
-16.46
0.02
-10.78
0.47
-24.08
-7.83
2.19
-3.05
-1.96
-26.83
-7.04
-34.49
-6.68
-7.21
-12.11
-32.29
-13.05
-19.66
-8.79
-14.04
-2.74
-25.95
-6.36
3.62
3.02
-24.50
-2.82
-27.04
-51.79
17.13
-6.85
0.20
-11.36
-1.22
-1.18
-41.02
-1.60
-37.68
-1.89
-19.66
-34.37
-18.60
-1.47
-17.96
1.38
-33.09
-14.24
-5.38
-16.81
-27.75
-3.35
9.02
0.91
49.74
1.68
22.07
5.07
-40.91
-0.03
38.57
-9.24
-86.45
-3.94
-4.86
-0.12
39.05
-5.17
-48.43
-1.14
61.11
-3.90
49.19
-1.27
46.97
-11.36
39.09
-8.68
-60.45
-7.03
-53.32
-59.52
-8.55
-12.01
-30.05
-3.32
21.30
-11.83
-82.23
-11.89
-11.06
-7.95
-33.80
-8.30
10.47
-17.62
-56.15
-0.59
2.06
-5.41
5.15
-1.12
-23.49
7.21
-31.11
-16.84
-1.46
-30.16
2.32
-13.57
-14.92
6.12
-6.52
-9.84
-12.17
-45.14
-7.72
17.79
-4.65
14.11
-28.22
-34.03
-24.66
16.18
-14.48
-13.68
-12.30
11.77
-9.99
10.84
10.40
2.19
-78.52
2.60
-26.45
36.04
-13.33
-15.65
-34.20
-24.31
-9.40
-38.16
-8.56
13.01
8.47
-13.91
11.01
14.00
-7.21
-60.99
-8.58
-31.99
-16.01
-4.64
-1.06
5.05
-9.67
-62.62
6.09
15.10
-0.54
-18.22
-4.87
37.83
-2.04
-55.68
-2.62
-4.56
-4.64
27.14
-4.20
24.81
-21.47
41.68
0.27
74.03
-1.94
-21.37
-1.45
-48.36
-7.21
107.54
-4.98
-51.58
-6.15
38.88
-24.58
65.13
-18.53
104.79
-10.22
-34.79
-3.28
-4.79
-4.64
8.51
-4.02
-5.85
-15.93
-59.81
-21.38
-41.02
0.08
9.33
-1.80
-34.12
-4.20
-33.94
3.46
-58.09
-0.35
-61.56
-2.03
-62.24
-3.65
-51.08
6.84
39.00
-3.05
-54.24
-2.08
-114.49
3.95
-8.49
2.41
-31.16
-8.54
27.60
-14.69
-109.88
-8.22
9.40
-1.99
-63.68
2.48
2.60
4.44
-38.36
-5.96
15.03
-3.98
12.49
-15.46
-20.24
-7.96
27.25
3.46
24.41
1.37
14.90
3.44
-20.05
0.14
1.39
28.08
-1.71
-60.18
-10.60
13.66
-0.61
-12.53
-6.02
42.76
0.79
-23.95
-0.36
-14.07
-6.46
-15.01
-6.77
-67.07
-18.36
-16.69
2.83
-5.24
-1.35
7.98
-2.54
-47.20
-0.04
10.73
0.63
0.23
-5.66
-12.61
-0.28
1.84
-23.80
-12.61
-2.26
-29.14
11.03
3.61
-7.60
15.50
-42.84
-8.85
-24.15
10.10
1.14
-8.80
28.93
4.55
5.08
9.18
-2.90
-8.99
10.18
-6.43
19.50
-6.48
6.17
-10.87
-33.58
-5.21
-17.38
-3.88
1.49
26.75
-4.07
-11.72
-2.99
3.64
-3.20
-0.54
8.00
-0.17
-1.66
-5.54
11.73
59.49
-6.10
57.57
-1.40
-5.63
-5.28
8.99
-3.90
-5.74
5.39
11.02
4.78
-12.53
-0.18
0.11
0.59
0.21
0.71
-32.75
2.54
-22.40
-49.22
-5.07
14.76
-0.46
-0.90
-17.38
-63.05
0.59
6.97
0.94
-32.65
-2.93
-2.95
-4.68
-8.64
16.27
-3.79
8.39
-3.35
-1.75
1.60
10.27
4.84
-0.85
-2.22
-5.83
-5.36
-5.02
-1.28
-33.06
5.34
-27.13
-13.37
-8.97
3.30
-7.24
-2.23
-0.36
5.11
-3.92
-7.22
-46.86
-7.96
-18.24
8.43
-2.40
-0.23
-3.84
-18.44
-1.55
0.11
-8.18
-3.03
5.90
-2.46
-3.91
12.86
26.27
-69.44
-6.12
-5.42
2.51
-11.33
-8.24
2.91
-5.86
12.55
-12.41
-6.06
-12.48
4.67
0.84
6.15
5.93
0.06
-4.92
-20.94
-0.92
-2.84
-3.79
2.38
9.76
1.28
8.91
-3.77
1.10
-0.54
-6.68
-1.79
-0.34
-4.65
36.31
2.29
-14.65
-10.66
2.54
-9.80
7.51
6.07
-0.73
-13.40
-1.69
6.22
9.48
-18.33
-4.04
-7.34
-2.34
-16.62
-1.66
-1.34
-2.73
5.85
-18.85
-4.17
9.83
10.08
0.43
-2.55
5.34
-4.37
-2.61
-0.15
0.55
13.88
0.85
6.84
1.93
12.56
14.42
4.81
3.26
4.79
9.97
5.43
-1.94
5.71
1.08
5.76
-4.58
2.27
3.60
-3.24
-1.66
15.25
1.00
13.09
4.58
18.67
3.62
69.74
-0.36
-4.14
3.15
2.03
-0.16
-7.27
0.65
1.90
-1.52
1.38
-0.24
-32.83
-3.79
-8.20
4.96
-9.62
25.97
-5.50
-3.39
-4.97
32.64
1.97
3.15
-1.76
0.19
0.18
8.67
1.89
10.20
0.36
28.89
2.39
-16.48
-7.59
1.38
-3.33
-8.97
-7.38
-0.20
-20.84
44.27
34.68
-20.12
-18.85
-54.58
-25.66
0.48
-13.23
-22.00
-15.12
-19.09
-9.41
7.17
-17.31
15.33
-12.05
-8.81
-6.97
-27.61
-2.91
-0.88
18.21
-17.23
1.71
-10.15
23.26
0.56
0.05
4.89
-39.25
3.98
-27.01
0.50
3.11
-38.03
5.20
-23.58
-4.89
-0.45
-0.65
12.93
2.66
-15.77
5.81
20.66
-5.50
-5.50
2.03
-4.99
0.23
4.29
-0.73
4.21
1.67
9.43
-0.26
-2.74
1.51
2.53
-0.16
-0.46
1.87
-3.72
5.72
4.31
-12.12
-4.04
5.67
-9.54
5.32
-5.25
0.70
-5.11
-0.24
-3.10
-0.64
2.49
0.02
4.47
1.99
3.95
24.10
-0.99
-11.84
-1.77
12.43
-1.02
-0.26
-5.38
-2.34
-3.31
5.08
-10.41
-1.93
-6.11
-21.48
-5.42
9.12
-5.30
5.10
1.41
-8.75
4.32
-15.52
6.52
-22.77
-6.05
-18.02
4.98
-10.97
-8.03
-6.83
-10.03
-6.85
-8.32
-5.01
9.83
6.50
-10.01
24.72
-16.31
-10.56
-13.34
-18.77
0.16
-15.03
8.00
-4.38
-0.09
-5.83
16.31
-7.35
-25.97
0.28
-36.18
-3.55
-3.94
-1.69
-7.89
-25.29
-39.00
-7.14
-5.03
2.49
-6.92
0.96
-0.19
-0.28
-2.17
0.66
4.62
14.28
-39.40
-5.52
14.49
-8.57
15.58
-5.21
-11.31
-4.53
3.21
-1.05
8.32
-11.51
3.29
-11.30
6.64
-9.08
-0.35
-3.15
2.52
-15.61
0.22
-3.96
33.26
-21.59
-1.18
-1.31
6.93
-9.71
-14.03
-17.95
12.66
-9.45
0.87
-22.48
23.93
-27.39
-4.46
-9.81
15.50
-2.71
-9.88
-16.75
10.98
-4.17
-29.68
-7.32
16.37
-8.95
0.33
2.38
-11.62
3.31
-6.80
-5.21
-26.92
0.72
-13.16
-6.84
-38.93
-9.74
-4.00
3.02
-0.22
-1.31
-23.89
-10.23
-25.55
-37.29
-7.90
-1.16
-16.85
7.23
-7.67
7.12
-8.72
-8.69
-0.81
-5.01
-2.05
-9.67
-6.55
-23.76
-4.95
-13.79
0.14
-8.01
0.15
-5.96
-0.46
-21.44
1.89
-14.31
-3.93
-16.71
-4.76
-12.39
-2.27
-3.23
-1.47
-22.85
-8.63
-0.72
1.23
7.64
-16.81
3.97
-35.38
-3.80
-12.71
0.87
-4.05
-1.64
-7.24
-1.34
-3.36
-0.71
-2.15
-0.28
-4.45
-1.21
-9.46
0.90
-1.86
-0.96
-1.50
-0.98
0.48
32.50
-3.68
1.04
0.99
-2.41
-0.55
-5.57
-2.88
-2.14
-1.94
1.96
-18.98
0.46
-0.90
1.01
-4.17
-1.52
-3.80
-2.58
-16.20
-3.35
0.43
-2.44
4.07
2.65
19.10
7.76
4.03
-1.58
-0.62
-1.84
22.53
-14.97
4.37
-7.18
0.01
-4.45
5.92
-1.02
-4.51
-32.52
-8.49
2.43
3.69
4.16
-3.94
1.59
-2.05
7.53
0.12
-1.30
3.96
2.56
2.85
-1.28
-1.57
15.49
-0.90
-15.49
-0.91
-4.88
-2.49
-30.44
-8.31
-6.78
12.64
-8.18
0.95
21.04
-6.15
8.43
0.13
-5.40
1.09
20.95
-6.28
4.03
-6.37
8.28
-11.83
12.26
-3.11
-42.99
-7.65
-48.00
-4.48
4.83
-6.52
-25.69
-4.83
1.32
-4.19
1.56
-4.68
-0.53
-5.66
0.60
3.28
-4.95
-5.45
3.11
0.25
0.25
4.61
-3.24
-1.82
-2.80
-0.04
0.09
-1.85
-1.44
-15.48
-6.57
1.53
-12.04
-3.35
-3.25
4.10
-19.54
1.43
-8.94
1.17
-20.96
9.81
-8.23
2.85
-8.65
6.64
-2.35
-2.94
-6.74
1.73
2.63
-14.81
4.47
-18.13
-11.78
-1.98
3.51
-1.78
26.78
1.92
0.81
-1.82
10.38
-24.06
3.49
-51.40
-0.93
6.59
-5.11
-18.40
1.63
-3.14
-4.14
3.26
3.09
0.66
1.47
3.13
-1.28
1.12
3.89
9.06
11.80
0.24
1.32
-0.26
-11.31
56.49
-2.72
17.71
-7.20
-3.41
-14.35
-5.50
-8.98
-10.32
-5.22
-20.15
-3.79
1.58
-3.07
2.87
-1.72
14.12
-4.14
-12.50
-4.52
15.29
4.66
-1.41
-2.06
64.73
-4.93
1.50
-4.78
2.19
-21.99
-2.73
-9.20
31.68
-15.60
-21.54
0.29
-12.25
-17.08
-1.98
-8.17
-5.09
-7.20
2.04
5.13
-8.05
1.33
1.12
-6.02
-5.65
-0.72
2.34
87.07
-5.30
11.73
-10.45
5.26
-35.49
116.34
-6.21
-48.93
-12.19
9.87
-1.50
-7.55
-14.02
-14.93
-4.72
-53.05
-16.16
-13.57
-10.09
27.58
-8.37
0.83
-4.41
20.53
-23.56
1.52
-11.79
-7.94
-26.81
-13.88
14.40
-18.62
1.54
-16.14
-33.11
-13.80
-22.99
-9.89
19.84
-2.13
-42.09
-11.02
-1.63
-3.35
-13.08
-5.10
10.93
-5.09
46.69
-4.41
-1.84
-5.83
4.55
1.83
1.86
-3.58
3.97
-19.60
8.30
-24.14
11.34
-66.97
11.86
-22.00
-6.49
-3.14
1.63
14.64
4.18
-2.22
-6.19
10.89
-2.92
-0.75
-19.06
4.06
-8.00
-41.51
-7.40
-0.88
3.03
-7.05
-2.92
-4.21
-13.14
1.79
1.91
-3.35
-0.04
2.67
2.47
2.52
2.29
-2.94
5.90
1.45
-2.57
-2.29
0.31
-4.57
-0.96
-12.56
-3.08
-11.30
-4.95
-1.81
-0.99
-3.72
0.34
-2.34
-12.31
-25.13
-4.56
10.90
4.16
-1.55
1.44
-7.21
-2.75
-4.66
-3.02
-0.21
-2.88
-22.80
4.97
-2.67
-5.10
-39.18
-5.88
9.58
-9.84
3.72
-2.77
8.89
-1.69
0.71
5.00
9.10
-10.84
-1.96
3.37
-2.88
1.91
0.11
4.42
2.00
-0.36
-5.36
-0.27
7.97
2.46
-11.85
1.70
-8.59
-4.83
-6.61
-9.51
-4.57
-12.08
-4.65
-3.39
-8.40
-0.92
-10.08
-1.00
10.54
2.92
-30.41
0.66
-21.74
-7.12
-0.67
-18.28
-6.54
-12.93
-6.46
-19.53
-17.78
-25.76
-6.00
-32.22
-15.99
-21.04
-7.07
-98.17
-7.23
-22.08
-0.56
-25.04
2.23
-64.14
-1.05
-14.83
0.43
-12.93
-3.98
-23.77
-0.19
-21.57
14.88
-35.65
-23.64
3.29
-49.31
5.99
-11.82
3.38
-22.38
-0.55
-20.53
24.59
-23.81
-26.07
-42.98
-5.87
-23.54
2.28
-12.89
-17.62
-12.20
-16.13
0.08
-27.11
-19.47
-1.21
-20.33
-3.00
-19.47
2.54
-14.62
-1.95
-19.23
5.39
-21.16
-2.44
-11.03
-14.87
-8.52
-6.28
-5.98
0.90
-6.28
0.35
-5.50
-9.54
-17.94
2.49
-9.43
2.62
-17.51
-7.13
0.70
-8.36
-1.83
-23.47
-5.67
-35.31
1.66
-13.35
-5.41
-10.85
-13.31
-7.28
-23.51
-8.64
8.08
-9.94
2.87
-11.50
-3.23
-5.08
-0.04
-14.35
0.29
-16.25
-1.36
-22.86
-13.41
-14.69
2.20
-13.89
-4.03
-16.04
0.73
-27.32
0.05
1.58
-14.75
-1.09
-13.42
-5.26
-6.00
-4.74
-13.11
0.09
-13.83
0.04
3.76
1.39
-5.69
-0.60
-2.97
-1.40
-13.67
6.69
0.07
-0.17
-4.22
1.45
-8.79
2.07
-7.91
-1.62
0.77
-20.87
-0.27
-10.87
-2.26
-7.14
-1.13
-5.69
-4.92
-2.30
-4.83
-12.22
4.92
-6.46
0.40
-7.15
-0.40
-4.23
-3.65
-6.82
-3.48
1.86
0.77
-4.54
3.03
-5.43
-3.96
-12.83
-0.85
-2.47
-13.83
0.29
-6.99
-6.37
-7.38
-12.90
-10.29
-7.41
-1.45
-1.61
-1.76
-0.41
-4.35
1.49
7.44
0.52
1.28
0.18
4.61
-1.40
-24.43
0.32
-1.21
4.35
-11.00
0.77
1.29
-9.81
-5.63
-14.43
12.53
0.67
-1.23
8.29
1.86
-10.52
0.90
-1.81
4.06
-17.65
3.94
-10.53
11.82
-3.73
2.25
-18.85
-5.44
-6.78
-9.33
-4.20
3.73
-7.11
-0.06
-0.40
-11.38
3.87
0.57
-5.01
-1.23
-0.24
-2.34
-0.71
2.51
0.05
3.39
6.99
0.99
2.14
-4.14
0.55
1.32
5.95
-10.87
-2.87
1.78
5.79
0.45
0.66
-9.02
2.67
0.16
-5.05
-0.71
-7.28
-2.29
-13.88
-13.40
-10.23
-2.99
1.19
-11.94
-3.79
1.74
-4.10
0.97
-5.98
-2.71
-7.21
-5.27
-7.24
0.66
-18.53
0.99
-13.46
0.89
1.75
3.75
3.78
-3.44
-1.04
-0.14
-6.06
-4.66
-0.78
-6.27
-0.49
-3.36
-5.19
3.03
0.91
-4.31
1.25
0.98
5.18
-12.64
1.90
-5.47
9.69
-6.70
-0.96
-3.82
2.03
2.31
2.73
-3.51
3.58
-10.50
5.13
3.60
-0.97
1.77
-2.97
3.19
-2.20
1.13
-3.92
-8.57
-7.89
0.46
-2.79
-7.45
-0.69
7.31
-0.52
2.27
-1.98
8.18
-12.80
-10.76
-7.39
-9.37
-7.00
6.19
-0.74
-9.54
4.12
-13.37
-1.56
-0.42
-0.42
-7.71
-3.12
-8.68
-4.48
-8.81
5.60
-12.09
3.81
3.94
2.54
2.66
2.90
-5.72
3.34
-1.92
3.85
-9.03
4.12
-8.95
-12.85
-4.54
6.94
-0.22
-11.74
5.25
-3.70
-16.94
-10.98
-1.04
-5.54
-19.37
-1.97
16.17
-0.29
4.26
-14.37
3.21
-9.79
-18.50
-13.41
4.16
-30.97
-1.79
-1.58
-0.45
-12.35
2.06
-21.51
1.26
-34.32
-9.99
1.50
-4.49
-2.56
-9.05
6.52
1.06
-0.38
-0.79
11.07
2.74
2.89
-5.93
5.70
-6.59
2.00
-73.61
-2.34
-18.89
6.42
-7.59
-3.50
-3.84
-62.54
-4.01
0.10
-13.75
-1.32
-2.49
-8.54
2.11
-10.33
-1.81
-3.94
1.68
-14.07
-6.92
-12.83
1.16
-5.01
3.20
-9.91
-0.54
4.36
4.76
-8.48
8.68
-7.62
0.74
-7.08
4.94
-2.43
0.33
-8.26
-0.75
0.29
-8.76
2.61
-10.74
-6.61
9.93
4.36
-8.83
0.46
-7.76
6.15
-7.04
-2.70
-2.56
15.02
-4.42
4.99
-17.68
-11.03
-21.18
-5.85
-14.54
-4.80
-9.78
-10.28
-10.12
2.09
-6.51
-4.59
-1.51
17.38
-11.23
4.03
0.97
-9.50
10.45
-8.56
3.04
-9.48
7.41
-5.78
3.30
-6.17
-52.39
-2.59
-0.92
-8.15
-1.99
-2.19
9.15
-6.15
0.51
-3.80
5.82
-5.99
-1.55
-1.79
-0.60
-2.93
2.71
1.57
-7.50
38.16
-6.22
7.32
-3.01
0.02
12.64
1.64
5.53
-16.81
0.60
3.60
-0.34
3.66
-1.87
4.77
-14.06
12.54
-3.08
0.98
-6.58
-13.56
-7.25
-2.70
-1.28
1.25
-0.54
-7.09
15.10
-2.70
1.49
6.51
0.11
-2.33
0.83
1.40
-1.43
-0.52
0.71
0.36
-8.39
-0.22
-0.32
1.59
8.77
-5.75
1.52
-10.29
0.78
-12.73
0.28
-6.12
-11.08
1.75
-12.97
0.25
-11.85
-1.00
-11.57
-0.75
-11.42
7.84
-5.47
0.58
-9.77
-1.33
-8.20
-1.03
-10.24
-18.10
-3.54
-16.89
-5.98
7.54
-5.50
1.22
-11.15
-6.67
-8.76
-1.54
-8.80
-2.06
3.50
-6.61
-7.83
-6.12
2.27
1.45
16.18
4.98
-0.91
-4.46
3.56
-1.31
0.25
-0.51
-5.33
-3.10
0.21
4.53
-4.30
-7.49
9.12
8.13
-5.20
2.00
3.18
-23.34
25.82
-8.91
2.61
-7.52
-3.38
-5.77
-15.80
2.17
-11.64
-2.58
-8.45
-2.07
-10.49
0.23
-3.81
-7.18
-7.99
5.15
-18.53
-41.12
3.56
-6.56
2.64
4.36
-0.56
-1.16
-6.63
-4.98
-7.87
-0.53
-9.61
-0.38
-1.75
3.33
-4.86
-6.48
3.21
-2.84
-8.04
-0.94
0.06
-3.15
-1.48
1.21
-3.38
-4.42
-1.70
-1.90
-0.78
-1.94
-2.82
5.10
-0.72
-7.40
1.07
7.83
-4.48
-8.33
-0.20
-0.62
-1.45
0.14
-1.56
2.85
0.65
6.67
-8.15
-5.14
-0.86
-0.38
8.74
-0.75
-4.89
-2.45
-6.06
-0.04
3.87
-2.42
-1.64
3.06
-0.53
-0.23
8.31
-57.19
-7.16
-5.72
-5.92
-4.68
-10.41
-13.82
-50.12
-0.17
-29.31
-0.34
-0.05
-12.36
-2.45
-10.68
0.37
-3.65
-0.37
2.39
0.23
0.71
-3.05
-8.44
-22.34
-8.38
-2.60
-13.97
-1.91
-4.67
0.21
-13.26
-0.58
-10.26
0.01
-4.65
-3.75
-3.50
-8.57
7.09
-5.04
0.07
-10.11
-1.09
-12.20
2.72
-10.80
-9.85
-3.87
-1.89
1.25
2.34
-9.05
-9.74
-6.29
3.81
-16.15
-9.27
-5.54
-1.06
0.56
-2.97
-6.18
-0.11
-14.53
-0.99
-3.31
-6.13
0.16
-5.90
0.21
-5.96
-0.02
-2.85
0.20
-43.87
-0.03
-24.61
0.12
-13.08
0.07
-20.73
0.29
-10.22
-0.49
-13.34
-1.33
-23.62
-0.06
-14.81
3.37
-10.58
-3.98
-16.20
0.05
-1.78
-2.02
-10.73
-9.09
-3.10
-18.06
0.16
-14.69
-3.13
-11.52
1.03
-26.76
0.02
-9.90
-0.04
8.75
-0.01
1.98
0.09
-10.35
0.12
-5.18
-0.54
-2.69
-0.05
-12.53
-1.08
-3.94
-4.95
-0.47
-49.90
-3.94
-31.13
0.18
-9.64
0.89
-2.86
-0.07
-14.49
0.03
-17.05
0.03
-11.93
-0.10
-13.18
-0.06
-23.88
2.18
-11.47
-5.72
-10.70
0.17
-22.14
-0.26
-0.12
-16.60
0.10
-6.01
-7.96
-4.72
-13.50
2.67
-0.04
-2.50
-30.31
-9.90
0.13
-9.95
2.72
-0.43
-1.39
1.05
2.57
1.46
-0.19
-0.54
-1.09
-3.04
0.03
-2.44
-0.05
-0.15
-0.48
-0.01
2.81
0.71
-5.00
-1.17
-8.08
0.16
-16.86
0.58
-10.34
-0.10
-19.57
-1.27
-0.70
-0.08
-19.67
0.39
-9.21
-0.03
-14.37
0.01
-19.15
0.14
-30.35
0.02
-10.78
-0.22
0.08
-17.39
1.97
-5.47
-0.04
-27.04
-8.26
-17.39
0.24
-11.79
-12.16
-28.39
-16.10
-29.66
-4.68
-8.23
0.69
-11.87
-0.24
-9.19
0.05
-5.56
-0.08
-12.54
-2.06
-13.15
-0.67
0.02
-1.65
-5.96
-0.87
-0.03
6.45
-3.18
-1.97
-0.04
1.17
0.02
3.83
0.08
2.79
0.11
2.50
-0.62
-0.84
0.01
0.80
-0.25
-28.45
0.40
-5.86
-0.03
-4.61
0.04
0.07
-6.58
-0.16
-3.59
-0.01
-0.50
0.12
-0.82
-0.00
-1.49
-0.33
1.25
0.03
-4.09
0.09
-1.77
0.02
-2.95
-0.03
12.03
-0.04
-9.57
0.00
-9.71
-5.15
-4.48
-2.65
0.03
-9.77
0.02
-4.88
-0.11
-20.53
-0.01
-8.17
-0.48
-1.92
-0.01
-1.47
0.02
-9.02
0.02
-13.24
0.43
4.17
0.01
-1.18
0.02
-4.09
-0.13
-3.25
0.02
-3.05
-0.03
-13.32
-0.03
-0.01
-16.16
-0.13
-14.11
0.01
-6.84
0.06
-20.66
0.21
-13.05
0.04
-1.69
0.02
0.90
-0.09
-8.92
0.02
-2.78
0.88
1.95
1.90
-12.18
0.07
-4.12
-0.03
-6.53
0.07
0.02
-6.22
0.05
-2.10
0.15
-6.73
-0.03
-24.51
-0.11
-38.41
0.01
7.22
-0.14
-7.99
0.02
-4.49
0.04
-4.80
0.02
-49.60
-0.05
-4.80
78.54
-6.50
-0.90
-5.04
-11.78
-7.94
-0.97
-0.35
-8.73
-0.35
-3.33
4.22
1.84
7.16
-37.19
-3.92
0.71
-3.85
4.45
20.81
4.95
3.46
-0.66
13.56
1.70
-3.47
-0.15
8.38
-3.44
-12.10
-1.35
14.78
-2.02
17.10
-2.53
-3.76
-36.97
2.53
-3.33
-2.08
11.85
1.36
-22.39
3.97
0.08
1.36
44.45
4.84
19.64
-0.30
1.64
5.56
14.95
0.12
23.84
-0.34
2.17
3.38
19.61
3.35
20.97
1.49
1.19
1.37
8.83
1.16
1.97
0.27
7.63
-5.68
15.00
9.51
5.81
-1.35
6.95
-5.23
21.51
2.18
-16.74
1.61
20.09
-0.89
6.94
3.64
4.94
4.15
-16.19
0.27
4.94
5.38
-1.83
5.43
-4.16
2.55
-5.27
8.85
19.51
-7.42
-2.49
3.52
-0.12
-4.44
-7.59
-0.98
-4.66
-3.23
1.48
3.50
3.14
-2.53
2.24
-1.88
-4.62
0.28
1.53
0.49
1.52
-9.17
-2.28
-3.39
-24.96
-0.07
-10.64
-8.83
-7.82
5.17
-3.45
0.22
4.99
0.06
-6.12
-1.21
-0.42
-2.92
-9.01
-0.24
-1.43
-0.91
-1.55
-0.23
2.47
-3.21
1.38
-12.20
-4.08
-0.79
-6.31
-5.74
-0.39
-2.10
-4.01
1.44
-7.57
-10.80
-0.52
-4.26
7.52
-5.32
-17.61
0.19
-6.45
-2.23
-7.18
-0.31
0.19
-30.24
-0.10
-1.55
7.00
-16.29
11.80
-7.55
-0.06
-2.64
-47.05
-8.85
-6.39
-2.32
-0.68
-1.98
2.62
-5.80
2.39
-38.05
1.64
3.92
-6.79
1.15
0.62
1.74
-15.55
-37.82
-2.02
-9.48
-5.30
5.42
-5.41
2.57
-7.29
12.18
-2.99
-5.00
-1.72
-25.18
-6.11
-23.83
1.10
11.11
-25.08
19.95
-5.33
3.71
-3.29
22.94
-2.91
7.31
-5.10
25.12
-2.37
8.17
-4.68
-13.41
-5.86
4.17
-6.33
19.28
-2.50
6.55
-4.30
5.14
-4.66
-1.30
-4.55
-19.21
-4.72
11.49
-4.35
9.12
-5.91
4.00
-5.64
-0.93
-1.28
-21.76
-18.35
-8.87
-1.84
10.90
-35.59
13.09
-9.56
-13.78
1.86
-4.74
-4.44
-5.66
-0.65
34.52
2.49
-15.10
0.79
-16.99
-0.86
-45.93
0.67
-20.42
5.71
-1.62
-50.28
-3.53
5.70
3.86
23.00
-2.00
-9.27
5.89
24.69
1.70
19.56
9.18
14.09
2.06
-0.88
4.97
6.04
6.51
-38.43
3.75
12.28
4.97
7.61
24.07
13.03
0.51
2.65
4.79
-11.78
3.34
-2.08
3.61
12.68
-1.53
10.23
3.21
4.29
-4.33
7.07
6.12
0.32
-3.37
0.11
-0.41
4.24
0.57
-22.26
38.84
6.35
-0.05
6.89
10.15
-5.04
11.62
-2.52
7.50
1.54
-2.48
1.07
0.42
-2.01
-16.16
-3.71
5.93
2.35
-42.63
-23.63
0.66
-2.38
-64.10
-2.09
0.10
-2.01
-15.70
-6.88
-0.32
-0.11
-14.01
-0.10
-1.30
-31.41
-0.20
-3.46
-6.11
0.13
-2.17
-15.60
1.78
-0.22
4.24
0.09
-2.61
0.73
-30.14
-0.05
-12.06
-0.20
-6.64
-3.09
-3.75
1.38
-1.02
-10.63
2.75
0.45
-0.00
1.41
-0.01
-0.65
-0.24
2.03
-0.24
-1.33
-0.43
-2.00
-3.46
-4.87
0.40
-9.26
-0.65
-10.48
-0.22
-6.34
-3.30
-1.54
0.92
-5.42
-0.04
-19.88
-0.47
-9.81
-0.94
-0.34
-12.20
-21.05
-8.46
0.79
-14.80
-9.74
-5.43
0.73
-2.02
-0.21
-5.07
0.60
-4.73
-0.24
-19.39
0.99
-3.83
-0.15
3.72
0.15
-7.80
-0.29
-0.28
-3.67
9.23
-4.86
0.56
-1.21
-1.11
0.42
-0.09
-6.94
0.06
-5.80
-0.57
1.64
-0.29
-11.44
-0.02
10.82
1.21
-7.14
0.20
-8.13
-0.21
-11.60
1.14
-33.92
-11.67
-28.08
0.82
-36.68
0.43
-4.09
-13.22
-0.72
-16.19
-0.22
-15.02
-0.14
-2.31
-0.95
-18.11
0.15
-3.87
0.13
-26.91
-1.37
-8.33
-0.02
-24.85
-0.00
-24.41
0.01
-25.33
-0.05
-5.53
-0.02
-10.44
3.01
-2.57
-4.91
0.00
-19.18
0.07
-15.07
-0.00
-38.55
0.03
-4.77
-0.12
-10.39
-0.81
-10.43
-0.19
-12.26
-0.05
-5.43
0.00
-8.75
-0.11
-27.29
-0.13
-10.25
0.23
-9.49
-0.31
-3.19
-10.37
-0.05
-5.52
-1.95
-3.62
-6.32
-7.72
0.11
-12.43
0.18
-19.18
-0.05
-16.86
-0.02
-22.30
6.05
-5.87
-0.00
-5.37
-0.12
-6.79
-24.05
-2.58
-0.75
-4.60
-0.04
-0.08
-4.04
0.04
-6.81
-0.04
-1.28
-0.37
-1.06
-0.02
-10.83
0.00
-3.08
-0.17
-4.20
-0.07
-11.03
0.63
-6.33
1.16
-3.41
0.04
-10.96
-22.28
-7.55
0.89
-4.90
-0.26
0.00
-6.01
-9.88
-10.15
-0.06
-8.04
0.10
-2.58
-0.01
-9.56
0.00
-7.34
0.24
-6.56
-0.00
-6.46
-2.32
-7.31
0.01
-6.25
-0.07
-3.75
-0.01
-9.61
-0.01
1.68
-13.12
0.69
-9.65
0.03
-5.11
0.02
-14.49
-0.05
-14.45
-0.01
-11.24
-0.01
-1.66
0.00
-11.16
0.02
-4.37
0.08
-7.81
0.03
-3.31
-0.02
-9.02
0.01
-36.43
-0.03
-0.66
-8.69
-0.00
-29.88
-10.83
-6.60
-0.14
-22.47
-0.03
-9.10
0.01
0.12
0.01
-4.33
0.16
-7.48
0.02
-1.65
0.01
0.00
-0.15
0.02
0.01
-0.01
0.59
0.01
0.00
0.07
0.00
-0.15
-0.01
-0.24
-0.00
0.01
0.00
0.28
-0.01
0.02
0.00
0.17
-0.56
0.01
0.03
-0.00
0.02
0.02
0.01
-0.01
0.01
-5.08
0.71
-0.25
0.00
-0.01
-0.01
-0.00
0.01
0.01
1.29
-0.00
-0.01
0.01
0.03
-0.01
16.64
-0.01
-0.23
-0.01
-0.01
-0.02
-0.00
0.00
-1.93
0.20
0.01
0.61
-0.00
-7.45
0.00
-0.04
-0.02
-0.33
0.02
-0.63
0.88
4.66
0.01
-166.35
-2.60
-0.04
-0.03
-0.03
0.01
0.00
-0.41
0.00
0.02
0.03
0.09
0.51
-1.08
0.01
-0.03
0.05
-0.15
0.02
0.11
0.10
0.75
0.02
0.04
-0.31
0.54
1.49
-0.07
0.02
0.03
-0.28
0.01
0.02
0.01
0.03
0.04
-0.01
0.77
0.01
0.09
-0.04
2.12
0.03
0.21
0.02
0.03
0.01
-0.03
-0.03
-1.37
0.01
0.02
0.04
0.01
0.02
-0.39
0.21
-4.28
0.05
0.25
0.02
0.03
0.03
0.02
0.04
-0.00
0.07
0.14
0.01
-0.01
0.01
0.01
-3.50
-0.44
0.04
0.06
0.01
0.01
0.06
0.09
0.04
0.07
-0.01
-0.06
-0.07
0.01
-0.01
-0.13
0.10
1.03
-0.06
-4.58
-3.24
0.17
0.09
0.08
0.10
-0.62
0.05
0.01
0.04
-0.01
-0.00
-0.00
-0.07
-0.00
0.58
-0.04
0.01
-0.05
-0.01
-0.00
0.00
0.09
-0.01
-0.00
0.24
-0.08
0.00
0.01
0.83
-0.00
0.02
0.02
0.08
0.04
0.02
-0.02
-0.09
0.01
0.01
0.02
0.01
0.03
0.03
0.00
1.42
-13.67
-0.01
-0.00
1.58
-0.04
0.04
-0.03
-0.08
-0.07
0.11
0.00
-0.62
0.01
-0.01
0.01
0.00
0.09
0.02
0.00
0.20
0.02
0.02
0.01
-0.04
0.11
0.02
0.00
0.01
0.02
0.02
0.07
0.05
-0.00
0.02
0.05
0.04
0.01
0.10
0.03
0.30
0.01
-0.56
0.05
-0.50
0.02
0.71
-0.32
0.01
0.02
-0.00
0.15
0.02
0.01
0.01
-1.33
0.01
0.02
-0.00
-0.00
0.01
0.00
-0.10
-8.25
-0.65
0.03
0.06
0.02
0.00
-0.00
-0.02
0.02
0.00
0.05
0.02
0.13
-0.01
0.01
0.01
0.01
0.01
0.01
0.16
-0.00
-0.00
-0.00
0.00
-0.00
-0.21
0.01
-0.28
0.02
0.09
0.03
0.01
0.01
0.01
0.18
0.01
-0.10
0.00
0.00
0.41
0.01
-0.70
0.13
-0.01
0.05
0.05
0.00
-0.01
-0.01
0.24
-0.00
0.02
0.02
-0.01
0.01
0.01
-0.00
-0.01
0.02
0.08
0.26
-0.03
-0.01
0.03
0.01
0.00
-0.06
-0.03
1.32
-0.03
-0.02
0.02
-0.30
-0.01
-0.00
-0.01
-0.08
0.02
-0.05
-0.76
-0.04
-0.03
-0.61
0.03
-0.01
0.02
1.49
0.04
-0.01
0.01
-0.53
0.04
-0.04
-0.01
-0.19
-0.71
-0.06
-0.03
-0.50
0.09
-0.05
-1.50
0.47
-0.73
-0.02
-0.07
0.04
-0.01
-0.01
0.32
0.01
-0.00
0.02
-0.12
0.73
-0.19
0.01
-0.30
-0.04
0.03
-0.05
-0.00
-0.00
-0.06
0.07
0.01
0.07
-0.13
-0.05
0.11
-0.04
0.26
0.15
-0.01
-0.02
0.04
-0.01
-0.20
-1.91
-0.03
-0.01
0.01
-0.02
-0.03
-0.85
-0.00
-0.04
-0.07
0.01
0.05
0.03
-0.01
-0.16
-0.01
0.06
0.08
-0.75
-0.02
-0.01
-0.03
-0.00
0.06
0.31
-0.40
-0.06
0.02
0.01
0.06
-0.08
0.10
0.01
0.05
1.34
-0.01
0.20
-0.01
-3.03
0.00
0.22
2.49
-0.38
0.01
0.54
0.03
0.14
0.31
-1.18
-0.09
0.01
0.02
-0.01
0.16
1.26
0.18
-0.07
0.14
-0.00
0.03
-0.28
-0.44
0.01
-8.43
-5.40
-14.71
-3.31
0.72
-9.07
-2.32
-8.22
-8.37
-15.95
-23.54
-3.43
-49.22
-6.89
-34.69
-9.02
-28.42
-16.14
-90.00
-48.30
-24.74
9.58
-5.06
-39.00
-19.42
-54.00
-89.22
-13.77
-34.08
8.12
-35.23
-30.98
-6.94
-47.11
-36.45
-67.38
23.09
-1.57
-9.42
-15.69
-60.23
-88.36
-39.34
-23.02
-127.25
-3.77
-3.40
-42.67
-23.85
53.86
41.83
-31.43
-13.10
-8.84
-27.05
16.86
-24.65
-19.79
80.71
-0.99
-15.90
-21.76
-6.95
11.93
-17.28
19.81
-1.66
86.36
-13.07
48.71
11.32
9.21
26.63
-12.13
-16.93
9.47
17.19
-24.19
2.87
-30.54
-10.77
23.43
-7.28
6.04
-17.27
-31.11
1.00
8.37
19.15
-19.13
-0.49
-7.27
-1.18
-39.71
-1.74
17.72
-5.98
12.26
1.77
-45.11
-6.34
9.32
-10.22
-24.48
-3.99
-25.28
-1.04
-23.46
-25.08
-14.85
-0.77
-86.38
-3.54
-13.88
-13.51
104.73
23.35
-36.91
-5.97
-35.48
-4.77
-14.32
-3.63
-15.31
-1.23
-11.29
-8.13
4.89
11.52
-41.34
-4.46
-21.21
4.97
-4.52
0.38
5.27
1.55
-6.59
-8.33
-0.09
13.56
-4.97
6.87
-10.79
-2.10
2.73
-6.13
-11.19
-2.27
-1.20
-15.10
-3.34
-1.39
5.57
-8.45
9.51
4.60
-3.72
2.58
9.92
2.03
2.49
-13.08
7.09
4.01
5.93
-3.57
-9.36
1.53
4.26
-0.93
2.58
2.79
-1.07
-0.46
-13.21
3.95
18.31
-5.40
8.30
-8.25
-4.47
26.79
6.30
3.58
-5.43
-3.27
-15.11
-3.66
21.78
-7.15
1.18
-3.69
-8.14
-0.70
-3.31
-7.78
-0.32
3.46
-23.11
-27.19
-3.85
-2.49
7.74
-3.62
-13.74
1.96
0.39
-3.40
-5.71
-3.19
1.96
-3.94
0.30
-13.69
-4.48
-14.86
-4.02
-0.77
-3.54
-10.46
-1.33
-2.24
-0.74
-5.82
-3.24
-16.00
-2.27
-4.42
4.82
-29.97
-1.49
1.95
2.58
3.31
-11.93
-7.25
-1.16
-0.68
-2.09
4.66
-2.24
-13.36
8.11
25.22
1.33
3.87
4.56
2.72
5.28
-11.18
4.34
-1.76
1.73
4.16
1.25
18.09
0.58
-2.57
-2.13
12.87
-19.92
-10.13
-2.94
-19.75
-2.37
-7.44
0.30
3.81
-3.87
-20.44
1.75
1.35
-1.02
0.98
2.22
14.16
0.67
1.43
-10.44
4.45
-6.53
-2.96
-16.34
-0.94
-2.76
-1.36
-1.33
-3.03
-12.04
-0.50
-14.69
3.23
-8.35
1.02
2.50
1.19
-13.98
2.14
-15.45
1.93
-3.77
-4.67
-1.62
-3.59
-0.72
-7.51
5.71
-9.09
0.28
-4.06
0.05
-2.03
2.57
-6.39
-2.17
1.38
8.44
0.49
-2.18
-3.73
0.77
-1.98
-3.06
-5.93
0.76
1.45
-3.45
-4.87
-2.60
0.75
-1.62
-3.09
13.85
-1.93
-2.44
0.14
-0.77
-3.48
-0.20
-1.73
-4.96
-3.67
-0.46
1.20
-0.17
0.51
0.61
-2.95
4.20
5.71
1.09
-1.52
2.56
-3.48
-0.88
1.10
1.39
-2.13
4.61
-0.93
1.00
3.85
1.98
-6.25
-0.35
2.35
-2.18
3.65
2.08
4.14
-0.54
-1.77
-0.36
2.80
0.78
-0.33
9.07
-1.44
-13.53
-7.26
-3.79
3.36
-5.96
-31.80
-8.21
-3.97
3.30
8.30
-8.47
1.45
-19.90
5.67
9.97
2.84
0.21
-0.82
0.34
-0.14
-0.74
3.89
-7.63
-2.91
-6.80
-2.71
4.27
-0.85
6.32
0.88
-18.87
-6.46
0.28
-3.64
3.47
3.67
-7.23
-1.74
3.60
-1.41
2.25
-1.76
0.02
3.16
-2.53
3.48
-1.93
-0.31
0.99
-7.00
6.05
-2.34
-1.44
-1.81
0.75
5.54
0.04
-3.70
-4.63
-4.89
1.96
-3.40
0.55
0.20
-5.07
2.72
3.27
-4.34
-2.17
0.36
-2.03
4.18
13.86
-0.83
-1.46
-7.82
-0.03
1.36
-4.31
-2.18
-2.25
0.29
-4.18
-12.10
2.50
4.37
-2.09
-5.71
3.44
-3.72
-8.46
-5.02
-4.41
1.55
-2.05
4.16
2.09
2.76
2.33
-1.84
1.79
-12.76
3.38
-3.23
0.18
-2.25
-5.03
4.56
-1.71
6.21
-7.04
2.12
1.38
0.31
2.83
1.14
1.38
-3.25
3.05
4.63
0.85
-1.83
1.00
2.32
-0.78
-0.25
-2.11
-2.16
1.27
-3.37
-1.87
6.50
-0.80
1.87
-6.74
-2.17
-0.36
3.74
-24.34
-1.34
-36.06
0.12
-34.96
5.64
0.85
-8.37
-5.65
-9.24
-4.71
-5.00
-7.47
-11.27
-9.08
-24.50
-21.04
10.60
-29.35
-13.58
19.90
-4.09
-72.32
-20.26
-24.32
-23.21
-37.35
12.83
-36.44
-33.50
0.70
-12.55
-26.27
7.08
-30.42
7.31
-85.83
23.85
14.05
-38.29
-26.55
24.39
-12.57
-69.40
60.09
-9.23
-28.03
0.25
71.96
-62.30
-50.39
-86.51
50.29
8.93
18.48
16.10
-68.94
-15.66
-39.25
-50.15
-28.88
0.97
-41.89
-65.19
-37.19
25.52
2.78
25.01
-0.53
26.45
29.71
-27.74
9.99
55.63
19.76
-51.18
-3.53
54.93
-8.86
88.27
-18.59
-3.32
-46.88
26.09
51.71
-8.43
-4.24
-8.43
-4.21
-15.82
-5.44
-5.58
-1.41
-9.63
2.34
-7.24
-8.50
-10.46
-8.43
-8.43
-5.12
-12.00
-10.44
-1.51
-1.33
1.38
-2.98
-1.23
-2.94
-3.46
-3.05
-0.49
-1.59
0.91
0.03
-1.84
-3.04
-1.87
-1.70
-2.90
0.49
-0.40
0.15
-1.48
-1.94
0.52
-0.92
-3.51
-2.35
-2.77
-0.60
-1.61
-4.48
-1.92
2.13
-3.49
-1.68
-3.02
-0.55
-4.49
-2.56
2.87
-3.55
0.84
-4.47
-0.40
-5.66
-2.32
-1.69
-6.61
-0.80
-0.68
-6.40
-5.63
-1.72
-3.51
-2.12
-1.49
-7.02
-5.37
-3.54
-1.06
-0.43
-9.95
-10.05
-0.08
-6.01
1.63
-0.69
-0.50
-3.93
-5.70
1.85
-4.09
-3.50
-12.18
-15.64
-16.67
-13.27
-12.33
-19.60
-13.56
-2.18
-7.18
1.89
0.82
-7.51
-9.73
-3.47
-8.23
-9.05
-26.61
-17.18
-6.26
-1.31
-15.27
-17.02
-10.68
-19.61
-8.58
-14.20
-27.67
1.30
-15.93
-23.78
2.09
-34.80
0.10
-3.12
-22.77
-10.00
0.20
-6.10
-20.36
8.72
20.98
-19.30
-27.73
-24.83
-11.29
-42.66
4.54
-7.33
-22.39
22.83
-29.68
-13.12
-57.04
-16.06
-30.86
7.06
-34.04
-10.17
-3.36
-19.09
-9.72
-28.87
-49.12
-32.78
-21.22
-34.82
-26.20
0.13
41.37
-57.36
-37.24
-1.10
8.39
18.18
-11.37
-6.32
-32.02
-22.09
-60.18
23.09
36.66
-9.79
-51.77
-41.93
-30.55
-14.75
-49.92
20.07
5.00
-45.54
-1.65
0.58
-6.86
-46.56
-54.42
18.38
14.77
0.90
27.01
-5.28
-14.45
26.97
-9.43
8.14
-52.79
12.31
41.68
12.03
-32.18
-14.59
-4.16
-12.22
-53.78
-10.22
-14.11
50.08
35.20
25.73
11.18
20.93
0.52
15.95
-42.82
-60.39
-41.75
-29.26
-0.14
-25.65
41.28
-69.01
-30.69
28.41
-39.86
-5.83
-10.80
61.73
-46.62
18.40
-16.45
41.91
-78.25
-21.32
-17.07
27.54
-23.93
-18.52
69.70
-56.27
-54.25
-22.13
39.11
-40.95
80.75
-45.89
-7.41
-20.15
-14.49
11.95
23.37
-2.21
5.54
1.65
-49.94
0.19
-51.76
-7.00
30.64
-100.43
-34.05
28.25
-11.54
-11.18
-7.83
104.35
-12.90
0.48
42.78
-42.61
-62.92
0.24
12.99
17.35
-52.17
-12.88
8.50
-13.57
-5.37
30.56
-3.50
22.85
4.77
25.36
7.43
-21.92
-48.74
-29.31
24.27
-51.43
-20.05
-39.82
-36.06
-35.48
-37.85
-5.66
-21.06
1.09
-10.71
27.69
26.67
-27.71
-33.32
-32.23
-27.13
50.32
-57.22
21.24
8.44
-54.70
-60.09
1.58
-72.98
-36.65
-3.92
-0.50
-77.67
-5.20
-32.51
-12.43
-34.49
-67.97
21.72
21.30
-24.56
-51.10
32.87
60.29
-56.68
71.76
2.00
65.13
29.55
11.96
9.46
2.36
-0.01
-62.61
-38.91
-1.32
20.81
-24.35
-26.42
-29.15
-45.76
102.97
-0.94
-8.09
18.19
61.15
-26.09
33.60
12.61
24.63
20.80
72.01
28.03
-24.47
38.94
57.02
37.97
16.95
-14.94
-3.78
-3.43
51.39
31.18
-21.42
-24.40
-67.55
-14.45
-29.00
-30.08
-33.23
-5.70
4.40
-29.56
-98.37
-28.62
39.51
-10.75
39.70
62.35
-68.06
-65.42
5.34
-41.50
22.17
5.55
-31.03
-16.38
-20.04
4.42
-29.78
16.49
14.30
-40.71
3.04
9.14
42.19
30.11
-18.42
-15.04
14.15
-18.08
-6.33
28.96
4.57
25.69
4.83
-36.52
-6.31
-7.06
8.91
85.72
-47.16
12.73
-74.58
32.43
-42.59
-48.11
-26.09
-6.70
-28.77
-19.60
-30.77
-14.93
-1.83
77.63
-22.49
6.65
2.69
-10.93
-2.37
-2.35
36.20
-9.94
-4.25
51.68
-42.09
14.13
-6.00
21.45
-13.30
19.26
12.21
-86.62
24.72
-61.70
-21.94
-5.88
7.15
13.68
-50.00
-20.42
-8.03
-51.27
-9.15
-15.15
53.16
12.03
-55.53
0.96
-5.78
-8.58
-32.39
-52.40
12.38
33.43
-0.58
3.59
-34.38
0.87
-45.34
15.34
8.10
-36.67
2.13
-65.77
-4.40
-6.11
-41.52
-13.98
-1.74
-32.19
3.70
-3.36
-13.17
18.56
9.31
-22.87
-17.35
-13.46
-19.47
-28.15
49.15
-27.80
-75.82
-19.52
87.09
-68.12
-18.59
18.96
14.41
-32.96
-9.42
5.95
1.41
49.49
46.36
22.87
-26.84
-8.98
-9.25
-77.02
-38.40
-74.48
36.82
0.43
38.98
3.83
-2.09
-18.94
-14.58
5.48
-36.37
53.21
-75.76
-71.41
43.33
21.73
10.50
-19.80
-64.76
-14.90
2.97
-13.88
24.56
37.75
-87.99
-57.72
27.30
34.86
-67.25
38.90
-5.73
0.25
-78.81
32.77
20.70
-6.66
-81.27
-9.35
7.06
-9.38
-40.92
10.67
-15.58
-45.73
-1.70
9.38
4.25
-0.66
-33.69
-48.64
-78.09
25.71
37.77
-3.17
-10.53
11.69
4.89
-44.91
-4.48
-27.42
35.74
56.39
-61.66
-26.37
26.18
-8.39
-16.29
-14.66
-22.03
15.40
69.75
-15.67
-48.75
-58.23
-33.17
3.58
-26.53
-9.40
-22.02
39.10
28.62
-70.89
-65.92
-2.24
-2.60
-59.08
-30.32
-45.52
-11.87
11.30
-9.45
6.31
57.60
-29.61
-26.85
14.50
11.19
-23.36
67.05
-33.90
36.21
-23.89
-31.39
-74.82
-82.15
-9.24
53.60
28.18
-20.58
4.30
-70.47
9.21
-3.79
-27.32
-15.27
-45.25
-8.27
-72.56
2.52
-9.29
-47.20
-23.05
-20.31
-74.62
29.18
-48.89
38.99
-71.70
-25.20
-41.99
-28.29
-61.34
-27.42
-49.67
-12.93
6.07
69.57
6.11
-21.49
-3.98
-27.68
-22.59
-7.91
-7.98
-16.33
4.99
48.61
-15.13
-22.20
-0.54
12.83
28.28
-21.67
-52.27
-20.21
-36.74
-4.29
1.91
-58.71
-5.04
-26.35
-30.13
-82.11
-20.34
-36.41
-40.82
-20.34
6.83
-22.62
16.24
14.44
-7.96
-32.12
-19.95
-30.37
12.83
-13.87
-27.29
31.44
-42.79
-44.89
-3.93
-17.53
16.08
1.22
30.23
2.13
-10.92
-39.05
46.30
-33.76
-6.37
-27.54
-14.08
0.61
-31.74
30.53
-40.45
-21.95
-24.28
-54.33
-103.05
-9.91
2.56
-38.45
-24.43
-38.65
-42.79
-2.56
-34.43
-7.31
-27.17
-30.95
4.41
-4.98
-16.32
4.41
-12.63
10.33
12.07
16.32
-6.50
-42.57
24.60
4.33
-46.86
-53.61
-4.46
-42.65
25.48
-22.98
-25.92
36.97
25.87
16.07
-24.48
12.83
-40.53
-22.87
-23.88
-41.53
25.95
0.84
15.11
-0.67
33.25
23.28
-16.44
-3.09
-7.67
-0.25
-13.25
0.79
7.93
11.52
-5.45
90.18
81.54
7.40
-11.08
-23.52
56.94
86.12
-30.93
27.08
-4.95
-48.42
-33.60
1.32
27.74
27.03
23.40
-72.24
-0.85
30.74
23.33
13.53
-2.29
28.43
-49.54
-16.85
-1.74
13.57
15.76
-29.36
-50.38
8.25
-17.78
44.56
-32.69
-21.11
-28.29
-24.14
-41.05
-21.39
-7.19
19.52
4.67
46.30
26.57
-29.36
-19.22
-19.08
31.81
-53.83
-18.01
-2.24
12.15
-53.00
36.75
-56.98
1.27
-35.29
10.86
-11.95
-19.81
-76.05
4.78
68.19
17.92
14.90
-16.60
9.33
-5.34
2.48
-54.23
-37.56
39.54
-47.43
-6.06
2.68
-16.13
11.96
-68.49
6.24
2.96
-30.20
41.00
35.10
-6.73
8.87
3.49
-5.90
-15.41
-44.32
-63.92
52.11
-53.73
26.46
-0.85
37.27
3.41
-4.94
4.79
-22.90
29.08
7.80
60.69
-30.77
-48.63
-29.77
-4.67
9.28
-14.42
-14.87
-37.81
-25.72
58.96
34.33
19.67
-86.40
-37.41
55.54
37.53
-16.25
11.75
31.94
-13.37
-4.90
-9.89
-60.00
-24.97
24.16
-36.18
-99.82
4.16
-78.29
-8.34
48.35
-7.01
15.01
8.13
-107.94
-2.77
-5.52
21.81
-75.85
2.22
-17.49
-19.68
-9.12
-26.07
-24.03
-37.10
-19.85
-0.35
7.12
6.29
11.34
-24.18
31.85
-68.82
3.63
5.80
0.85
-33.96
9.59
40.60
19.89
14.29
-83.52
17.76
-23.16
12.56
4.04
1.48
-16.52
-4.95
1.63
3.48
-28.73
-16.10
-12.15
33.92
32.98
20.14
19.50
-0.09
-22.21
-88.31
-67.96
-1.47
-22.71
-60.96
-48.41
-57.59
-20.41
-28.63
-22.14
-51.31
-28.84
-32.76
5.45
14.86
0.74
-77.36
-2.31
28.42
29.67
-1.83
9.02
-27.94
-26.02
-37.65
1.65
7.52
-37.85
-55.32
-35.69
-45.34
-14.78
-49.35
-59.12
3.25
-32.12
-31.72
-31.59
-22.79
-34.96
-15.35
-3.66
-5.84
-5.59
25.22
-75.77
11.53
4.21
-69.55
-40.78
-32.27
-1.10
-5.54
-18.06
13.20
-2.46
-30.03
40.61
-9.13
-5.56
-36.08
8.98
-2.08
-1.89
4.53
-28.78
-5.80
-6.08
-20.52
-14.04
-4.99
18.58
-39.57
-15.17
2.24
-33.52
3.64
-5.96
-1.82
9.90
-16.00
27.27
30.03
11.51
-0.84
18.87
-25.40
-13.58
-30.52
-29.19
-20.46
-9.50
18.25
3.52
9.72
14.78
7.75
-0.85
10.39
25.34
5.63
-2.92
-14.31
-82.17
0.31
32.57
-28.05
-80.81
-2.79
-7.59
-11.82
-5.53
5.06
6.65
-25.92
-1.21
-128.29
-9.48
22.33
-49.60
-12.15
3.74
8.88
-9.77
-18.89
13.84
-17.77
7.68
-18.38
-38.81
1.81
-28.01
-54.11
-30.85
-4.91
26.75
0.66
-0.92
-9.07
-103.36
-29.06
0.76
26.72
-4.49
0.63
8.97
1.21
3.25
2.37
-27.06
-4.41
1.33
17.20
-34.53
-4.92
-25.51
-27.18
15.43
-13.24
-24.71
22.35
24.73
-28.25
-24.75
-6.07
-11.94
-17.04
23.48
-20.12
-14.86
-58.12
-61.95
18.08
-5.48
5.63
-7.35
-4.38
-5.90
-37.51
-48.13
-15.44
-10.77
-45.03
-30.38
21.39
-29.90
-59.61
2.88
27.31
2.17
-10.11
-7.79
-19.92
22.63
35.06
18.80
-44.53
15.14
8.36
15.23
40.08
31.85
0.03
22.83
2.54
3.93
27.01
33.93
1.66
-27.48
-60.16
-54.42
-46.01
-52.94
-52.01
11.30
3.94
27.11
-5.40
6.12
13.58
4.62
-32.78
-91.98
-53.93
18.19
-44.94
-5.23
10.34
18.00
-55.48
3.75
5.35
22.34
-83.52
-28.59
8.62
-18.72
27.89
1.60
6.01
10.30
-27.20
-1.26
-54.75
7.38
8.47
20.81
-25.21
7.31
-6.53
-9.98
-66.26
-29.62
2.63
-4.40
0.28
36.36
68.68
-48.70
-37.65
-16.62
-38.21
-27.32
-4.20
-17.53
0.61
10.60
-12.61
4.36
5.93
-21.71
5.37
-12.01
36.31
-5.60
-38.74
2.45
-12.75
-46.58
-41.58
2.08
-26.61
-23.66
26.29
-65.74
9.34
23.80
64.17
8.79
3.98
7.03
2.96
-50.45
12.32
-71.00
-4.85
-6.46
-7.90
-29.45
16.68
-25.27
-8.08
22.48
-30.63
-28.95
40.59
4.94
17.30
88.56
-32.81
-9.63
-34.25
-25.89
-4.68
-0.89
20.60
-16.80
-18.33
-25.37
-22.74
-94.59
-30.66
-55.19
-10.32
-22.27
-2.43
31.84
5.32
12.29
-20.23
-6.49
-20.12
11.15
17.40
8.36
15.46
-94.48
-18.20
-15.99
-9.85
6.46
18.28
-1.26
-8.10
-49.64
-37.80
-23.04
-4.36
-67.67
-28.75
3.45
-9.47
0.77
-11.81
-24.54
-10.21
-4.02
-35.01
-72.21
-37.12
-15.08
2.10
2.40
-22.64
0.44
-6.81
50.25
15.72
14.40
28.51
-7.05
2.81
-25.68
-1.53
-16.61
-12.98
-6.96
3.34
2.09
-2.21
11.25
-22.60
17.52
3.84
4.27
1.73
-7.17
-1.80
-9.54
-36.96
-16.22
2.68
-16.12
-3.42
-1.63
-22.42
14.07
-4.76
17.26
-19.10
-45.12
-2.39
13.52
-1.43
4.56
2.41
-2.43
17.31
-2.65
-16.62
-26.56
23.65
-18.63
-33.56
1.66
-7.37
-12.52
33.06
-13.85
24.94
-24.19
-62.76
24.60
-23.52
-6.03
-60.77
28.24
21.08
-60.49
0.00
-24.42
-61.33
0.97
-14.50
11.30
-7.49
-6.17
-3.62
-31.10
-45.82
-11.44
-10.13
-6.10
-0.55
25.57
-5.33
12.30
-66.11
2.78
-2.40
21.16
-7.05
-3.68
-5.60
-91.02
-7.72
-50.65
17.47
-11.72
-3.64
16.26
-39.65
13.67
10.55
3.44
-92.53
4.53
27.27
59.96
-31.55
7.28
11.92
-16.93
26.37
-10.59
-6.48
5.11
-75.35
6.93
-11.12
3.31
11.22
-35.80
21.96
8.96
1.64
-10.91
15.86
2.98
-2.75
-74.98
0.96
-34.20
-0.93
6.81
-32.58
-19.40
-4.71
-10.29
20.18
20.81
16.37
47.77
6.98
-5.55
11.04
-39.22
-12.49
-79.79
-22.79
7.71
3.06
66.01
9.96
1.89
-25.59
17.42
15.24
18.04
9.29
-6.62
-4.26
25.23
0.84
-7.95
13.26
-68.80
21.44
-12.69
-4.52
-0.67
-31.74
-4.53
-30.69
-48.34
-11.18
-2.28
7.20
11.77
-27.54
65.57
4.41
-20.57
-2.68
-58.50
20.58
-19.50
-29.88
-9.15
-21.48
-16.08
-46.08
8.22
-12.68
0.94
-0.63
-0.66
-18.66
-68.86
25.99
7.64
-5.56
-2.97
21.68
0.04
13.97
-28.08
-33.27
-6.93
-33.27
-26.11
-31.41
2.73
-0.23
1.36
-26.75
-12.14
-4.11
-2.00
1.12
-11.60
14.84
15.49
-14.60
-52.20
-0.12
-22.49
7.32
-16.37
-32.49
-44.61
3.35
2.37
-4.80
-12.55
10.38
-1.81
-1.05
-6.44
-71.79
-17.91
-40.34
-3.60
-25.73
-6.07
-23.87
-20.32
-16.87
-22.62
-20.50
-13.14
-9.32
-15.07
-18.54
-6.79
9.10
-16.32
-4.31
9.33
2.35
-16.69
-5.83
-17.62
-6.05
10.67
-47.85
27.05
7.41
-5.42
-25.50
-56.89
-8.50
-4.64
-8.85
5.28
8.98
6.11
-41.68
2.10
20.08
17.46
13.04
-5.03
7.17
-9.84
-3.13
18.68
6.80
-30.83
9.55
8.80
4.49
-51.51
-34.07
2.18
-12.79
2.81
-20.30
-1.90
23.24
-9.50
-1.47
17.60
10.89
20.27
-10.75
-0.56
0.96
-4.67
-10.54
7.82
1.08
42.85
-21.00
-0.60
10.17
15.97
-10.72
-1.98
-43.03
-1.67
-9.30
19.23
-31.87
-58.45
-5.65
-12.18
-6.92
3.24
-14.05
-0.87
-28.10
-43.26
-9.51
1.82
-9.40
-9.02
24.79
13.29
12.67
-6.68
4.97
-7.09
-13.63
-29.86
17.58
-1.52
-4.30
3.34
-9.53
-8.28
-6.57
-1.71
4.49
-54.39
-7.64
-45.99
-1.97
-18.26
-25.45
-13.83
-6.46
3.87
7.76
-14.74
-12.75
-1.95
-39.05
8.22
-0.87
-11.16
-28.16
1.45
-23.30
-4.61
-39.34
6.35
3.09
33.19
-35.31
8.20
-5.49
-40.72
-27.10
4.61
-31.74
-18.98
-3.73
19.87
-10.02
17.76
-5.30
-21.34
0.34
22.32
-17.26
7.05
-0.33
-0.38
12.08
-0.44
-0.53
-1.71
10.68
-19.33
-0.03
1.23
-36.74
-50.77
-18.55
-6.44
-20.08
-38.06
10.43
-11.36
-8.04
-38.26
-60.94
-40.04
5.22
-15.02
11.78
-60.00
7.73
-72.14
2.05
-16.02
-66.65
1.30
-15.60
3.29
11.76
0.71
-0.99
8.61
-5.31
-10.34
-3.42
-28.26
15.11
1.58
10.88
-30.62
-8.95
-9.32
-7.59
-17.41
-5.49
-21.97
-4.36
8.95
-2.66
-24.67
-13.35
-8.82
-2.65
-14.79
-6.33
-1.24
-76.18
-9.13
-3.21
-15.74
-21.34
-5.99
-19.00
2.22
3.05
-18.16
-18.22
-11.00
-20.33
-11.78
-94.98
0.66
-9.42
-19.24
-3.66
8.77
-10.92
5.92
-30.72
4.51
15.20
-30.46
-14.11
-8.01
-8.10
-47.93
-4.12
-1.10
6.66
-51.60
-9.36
-5.80
8.32
-40.55
2.95
10.91
11.75
-56.79
0.58
-11.74
21.70
-2.54
4.69
4.47
-4.37
-35.39
-8.18
-28.55
0.82
9.58
3.39
-58.97
-4.98
-6.15
-12.79
-15.96
-14.05
-0.71
-15.81
-12.18
9.07
-24.58
-4.96
-9.01
-12.48
-3.42
-31.42
5.97
-9.37
2.31
28.16
16.89
0.86
-93.07
-14.03
1.65
-0.52
-11.39
-0.29
20.87
-1.09
20.66
15.02
9.93
-10.42
-5.93
-8.21
-9.27
4.27
3.50
-1.60
0.16
5.40
5.95
-29.47
-12.81
-7.47
-0.39
3.88
-0.05
-12.44
-4.85
2.08
17.20
-8.84
-6.34
-31.78
7.83
-7.71
2.24
15.63
-22.56
-23.60
-28.78
-1.54
-14.34
-29.18
-1.76
8.41
-17.61
-32.63
21.26
13.44
-2.94
-19.76
21.19
6.60
-10.30
28.45
5.65
-2.62
-4.72
-5.68
-26.47
-14.28
13.87
7.26
8.79
0.54
-28.21
-11.23
-13.94
-10.10
2.11
-8.80
-4.46
-68.75
21.02
-1.09
15.10
-25.83
1.70
-52.87
-16.51
-1.14
-8.83
-19.84
-32.62
-3.20
-11.83
11.11
0.45
-10.75
-17.83
23.22
7.87
-32.61
2.91
3.67
6.57
-5.30
-33.93
-12.26
-48.07
4.41
-22.09
-3.26
-5.11
-29.62
-5.54
3.57
6.17
-9.84
3.56
-22.77
-25.77
-13.08
7.92
14.41
-36.98
-0.37
-8.03
-1.05
13.97
4.54
2.52
7.11
16.14
9.79
-3.28
-4.08
-4.23
-1.25
-42.25
-3.09
-13.88
0.70
-6.75
-2.72
-9.40
8.08
-8.40
-27.41
-9.80
-32.85
-2.42
-9.53
4.00
12.34
-10.22
-0.23
3.09
3.12
1.85
5.66
6.36
2.74
-10.09
4.16
-10.15
-16.34
-4.07
40.40
-22.65
-5.35
6.86
0.74
4.43
-16.76
-31.93
-32.17
-7.07
-1.51
-1.33
1.38
-2.98
-1.23
-2.94
-3.46
-3.06
-0.51
-1.56
0.88
0.16
-1.24
-3.08
-1.96
-1.44
1.87
-1.49
1.11
-3.45
1.03
-0.73
-5.69
1.25
-2.74
-2.02
-1.30
-3.28
-1.85
-0.42
-4.10
-5.33
0.45
0.42
-4.55
-0.17
-3.91
-0.81
-2.77
-1.87
0.61
-0.26
-6.75
-1.82
-7.75
-2.94
-3.23
-4.79
-3.66
2.56
-5.75
-5.18
-3.53
-3.59
0.28
-11.44
-5.81
-3.70
-1.91
-0.91
-7.28
-0.71
-9.78
-6.93
-2.38
-4.40
-4.40
-17.62
-3.46
-10.56
-0.53
-3.31
-5.20
-11.73
-21.50
-2.70
-7.31
-13.83
-18.63
-2.43
0.02
-16.71
-16.45
2.19
-1.36
-2.84
-13.98
-23.50
-17.89
-14.63
-0.43
-31.49
-4.20
14.04
-4.24
-23.25
-9.38
12.69
-20.21
4.59
-47.14
-1.74
-30.43
-5.84
9.19
-16.13
0.89
-3.53
-1.40
-11.25
-21.41
15.60
-2.39
-20.26
-32.12
-16.18
-24.58
-9.98
-25.17
-28.11
-32.76
-22.27
-7.68
-8.11
-6.94
-13.03
-47.64
3.98
-40.74
12.78
-19.92
-12.88
-69.47
-3.22
-27.57
-24.36
-17.73
8.09
-62.53
-19.78
-10.83
-3.94
-3.01
-14.87
-22.94
10.00
-9.53
-27.45
16.18
-33.56
-2.92
-24.34
-29.17
-6.35
-7.25
13.71
-30.56
-53.65
-39.53
-29.44
-45.76
9.22
-65.21
8.19
2.84
-36.12
33.97
-41.60
-0.86
-7.97
-8.17
-0.57
1.92
-19.74
-23.59
16.88
13.27
-19.25
-64.06
-32.27
-12.29
15.95
30.71
-62.03
-41.81
-34.36
39.94
5.29
-15.75
20.75
-32.72
27.95
-54.15
-70.82
-5.54
25.53
-50.05
-18.10
4.03
-9.66
-5.61
35.63
-39.46
10.23
12.11
44.25
-29.26
8.09
-15.04
-15.11
-0.95
15.83
31.80
-23.20
-34.93
-45.66
70.85
21.91
-11.99
-39.64
26.70
-41.91
19.88
28.50
-41.49
65.08
22.54
86.51
-59.67
-36.91
-0.12
-9.07
-31.70
-57.86
-15.16
23.31
-53.44
-39.37
-3.74
-12.66
17.38
-6.88
-70.16
-0.94
-0.98
1.74
-2.25
-0.58
0.31
-2.46
-0.20
-3.84
-2.93
-3.65
0.80
-3.57
0.76
-1.12
1.87
1.04
-0.87
0.97
2.56
1.98
-2.60
-1.94
-0.85
0.16
0.09
-2.36
-0.53
-1.10
2.32
-2.46
-2.90
-1.28
-2.46
-3.12
-4.06
-2.10
1.30
-2.43
-3.43
0.40
-2.32
0.11
-4.72
4.53
4.33
1.48
-2.14
-0.63
-1.32
0.07
-2.32
-3.76
1.10
-3.05
-0.82
-0.02
1.17
3.00
-1.15
-0.69
-1.76
-1.05
-3.37
-0.61
-5.38
-1.19
-1.96
-4.12
-3.05
-0.10
-1.98
-3.06
-0.69
-3.65
-3.19
-1.54
-1.99
0.09
0.05
0.29
-5.72
-2.67
-3.22
-3.39
-5.59
-2.04
-5.64
-5.25
-4.48
-1.76
-1.83
-4.42
-0.90
-6.41
-2.09
-2.63
-2.18
0.36
-0.71
-3.73
-3.77
-1.48
-1.12
-6.17
-3.30
-1.59
-7.89
-2.95
-2.05
-4.68
-0.11
-5.02
-7.60
-3.07
-6.26
-3.47
-8.09
-3.56
3.69
-3.74
-1.46
-4.11
-8.02
-9.60
-6.40
-6.46
-6.50
-6.42
-7.73
-2.58
-14.83
-5.84
-10.64
-17.80
-3.69
-2.16
2.43
-7.27
-4.19
-4.70
-2.75
-13.53
-13.05
-9.74
-2.88
-2.61
-6.39
-7.30
2.30
-8.54
-20.50
-13.43
-8.82
3.39
-10.63
-5.13
-10.58
-5.73
-15.26
-11.54
-10.13
-14.13
-12.23
-18.65
-12.49
2.96
-1.79
-15.83
-5.56
-1.81
-20.04
-18.85
-14.52
-26.20
-6.31
-1.64
-23.31
-9.53
-0.29
-16.36
-9.20
-13.01
-14.07
-8.15
-7.36
-23.59
-12.40
-8.02
-10.46
-10.76
-17.99
-8.31
-34.04
-20.68
-3.76
4.10
-29.69
-1.94
-27.72
-0.47
-21.30
2.71
-19.62
-34.17
-21.43
-17.50
-35.43
-16.09
9.58
-24.63
-24.77
-19.18
-15.17
2.53
-17.60
-41.40
-16.77
-4.79
-1.42
-37.14
-12.22
-4.18
-40.93
-33.03
-34.89
-30.48
-23.13
-0.08
-5.78
-50.67
-7.04
8.21
-8.08
-46.94
-7.30
-18.25
-12.32
-29.11
19.68
-12.54
7.80
-22.18
-34.25
-35.47
1.89
-64.15
4.55
-11.87
-17.00
37.87
-54.87
-49.97
-47.00
-30.32
-2.50
-1.94
-37.19
-50.45
-15.25
16.56
-20.24
4.27
-61.13
22.96
9.21
-20.46
-55.05
35.58
-37.65
-44.50
-63.85
-47.28
34.43
-28.65
-31.09
-2.10
-21.58
-66.78
-6.38
8.35
-8.67
-24.45
-2.27
14.85
-15.68
3.61
13.37
-42.65
-25.57
-8.32
-49.45
-75.90
-66.27
-27.18
-21.40
9.93
-66.70
-20.23
34.59
-6.39
11.38
21.95
-16.28
-9.49
25.24
-25.25
-66.95
-42.51
47.04
-51.82
-45.29
-70.56
-16.51
-50.18
-69.38
-35.06
-83.85
-13.82
-14.22
-28.72
-17.00
15.07
-85.07
39.28
-6.87
-48.47
-22.45
4.29
80.93
-3.84
1.09
-48.62
-32.00
-16.67
-55.04
-40.29
1.46
-0.23
44.10
26.69
7.07
-66.58
-46.25
-23.54
-22.70
-44.00
-13.07
57.16
2.34
-3.75
95.35
-8.63
-48.78
-44.55
-4.31
-15.89
-20.25
4.52
45.92
-68.56
-17.09
-13.59
-29.40
34.61
-59.11
20.02
-34.95
57.52
-13.50
6.58
-39.84
15.08
-15.24
48.94
14.58
1.11
-39.64
-26.83
-45.77
-39.04
-8.53
-82.08
-19.50
-18.56
-13.34
-59.98
-53.15
-3.62
-10.84
66.32
-71.63
18.58
32.58
-10.28
-11.36
-22.72
21.31
39.09
-16.25
-33.06
-36.49
-45.36
-49.64
5.42
-16.46
17.11
-47.59
-54.63
56.02
39.26
86.67
59.99
2.26
-56.24
-9.75
-103.10
-18.09
-43.71
88.56
-38.76
8.22
16.01
52.97
69.08
7.33
17.95
36.60
-75.15
-36.31
23.43
-21.74
76.55
23.74
-37.38
-49.41
-33.50
-8.87
-67.98
-6.74
5.54
26.91
-27.87
-54.59
19.60
4.51
64.21
-79.92
52.60
-22.77
-7.10
19.28
-69.16
9.95
-69.27
-30.29
5.24
-33.46
-16.89
-44.86
-50.32
47.27
5.76
-26.76
40.21
-11.23
-14.23
-11.06
-41.09
33.72
-44.94
-30.39
-25.25
-50.85
-109.03
-25.66
37.00
-29.45
-44.11
67.78
-81.19
-28.63
-38.80
-60.15
-2.62
5.59
-13.53
-25.04
52.80
-95.64
-116.85
-55.46
-85.46
-42.92
-38.46
-38.55
-34.88
-7.84
-25.01
10.77
-47.33
9.55
18.36
-9.38
10.03
70.49
-11.04
61.13
9.32
10.25
8.90
62.03
-45.81
11.77
-6.01
84.07
4.13
41.89
3.22
-3.19
-57.53
-14.88
-24.96
63.50
-3.11
-51.63
99.77
-20.00
14.31
-5.47
-53.37
13.20
28.19
53.26
-5.24
42.60
-20.07
-79.48
-5.53
43.00
-24.76
34.22
-73.70
55.49
23.02
29.00
-10.78
-59.56
-25.77
3.48
-84.11
-39.38
12.40
91.53
-23.08
-40.20
-8.78
-83.48
-36.53
-3.72
-5.11
-36.45
-37.54
-8.87
-95.80
-24.12
-35.19
0.47
-69.90
-31.56
13.70
-17.08
41.51
33.10
-38.56
10.25
7.71
-58.62
-69.36
-25.32
-57.85
26.47
21.32
-38.22
34.82
-31.11
51.12
23.08
-7.26
-36.95
-31.11
18.27
-86.11
31.68
51.25
-19.97
-28.34
1.56
38.49
-10.08
-50.68
17.77
-49.82
27.97
-22.28
-121.59
37.47
3.38
6.47
-5.68
-29.47
38.22
-50.48
-42.93
-40.35
68.36
32.12
22.38
78.00
-6.38
-64.83
-61.66
6.13
22.22
18.82
36.65
22.47
15.42
-33.63
-100.02
-14.40
39.99
-58.38
6.57
-66.71
-32.56
-13.23
-50.04
-0.58
47.46
-14.95
5.17
12.64
-31.06
43.50
-27.61
-52.47
-59.01
40.15
-45.60
14.03
26.81
3.20
-29.53
-25.93
-44.11
10.60
-15.05
18.54
-9.44
-7.63
-32.09
36.14
6.34
-53.33
69.74
38.77
15.27
-1.45
2.57
-14.43
16.02
-54.65
-32.07
-9.55
0.74
40.02
-0.53
9.76
-6.55
30.78
5.51
8.64
-34.88
4.02
73.45
-43.48
-17.24
-14.65
-26.07
-12.19
-37.18
-22.19
7.36
5.89
-19.66
4.22
7.45
-67.59
-49.13
-35.61
-6.47
-61.90
-56.87
-57.57
-64.59
8.00
-21.27
-19.32
97.67
0.88
-59.34
1.47
-25.42
-82.76
1.26
-41.82
25.30
-48.06
-38.38
-73.29
-58.96
-65.58
-68.27
-48.89
-1.31
-13.70
-19.02
-75.26
-44.36
-16.96
-57.52
41.77
-29.31
-58.73
21.86
-72.66
-14.81
9.99
-4.17
-5.97
-40.40
-5.91
-23.20
15.07
-55.80
-10.78
-73.57
13.54
-8.07
-40.78
-13.10
78.10
-17.27
-54.34
-30.82
-34.47
23.51
3.44
-30.03
52.15
7.01
-7.67
7.72
-14.40
0.68
-13.78
-28.06
-46.10
13.16
54.48
8.41
-0.88
-51.58
46.29
-49.94
-12.57
33.97
-14.15
22.92
28.01
18.96
42.29
-18.28
-62.17
-95.01
49.17
-2.60
-35.54
20.25
-17.19
71.78
11.23
-77.21
14.97
-38.55
-36.76
-2.84
-36.85
64.60
12.14
34.64
23.40
1.19
-17.61
-34.74
-49.26
39.66
-2.97
43.72
-78.00
9.08
-66.32
3.61
44.58
-21.72
-34.27
-65.52
51.66
-25.76
-31.59
70.89
2.51
11.72
47.74
5.01
18.09
7.76
-22.26
-10.38
-14.19
62.79
8.28
-23.77
14.73
-55.01
-31.46
8.81
12.88
-23.57
0.23
-27.27
-65.16
6.89
54.05
15.96
57.54
-48.60
-37.80
-20.91
35.84
-19.01
42.05
-59.79
-1.31
4.23
-92.61
-22.18
-8.54
16.16
-9.69
-43.69
-21.09
11.80
-36.79
-81.64
-50.26
-26.74
-9.25
-38.36
-2.24
-32.47
-15.72
-80.67
2.51
-22.70
-5.48
-57.76
-55.74
-50.26
46.94
0.91
10.02
-8.70
-3.06
-87.64
-59.04
-29.51
4.40
-55.93
12.00
17.96
31.58
2.70
-35.61
31.68
17.05
-19.28
-96.87
-33.39
-73.36
40.03
-34.10
-7.94
11.10
-36.13
-58.85
-58.94
-45.96
-70.34
-35.04
-26.39
22.31
-43.01
-16.34
49.21
0.06
-33.14
-10.57
-16.67
-77.92
-27.56
-31.87
-36.56
-48.33
25.65
-50.48
4.06
1.41
6.44
-0.86
8.93
-3.52
10.14
2.08
-31.70
-29.35
-73.20
46.23
21.33
-45.32
50.55
63.38
-32.09
33.50
-2.04
-26.45
-28.26
-2.19
-34.88
-21.64
-98.49
8.12
26.27
-38.80
-69.98
-0.80
29.27
21.73
-17.90
-34.09
-38.82
-5.12
8.61
53.48
-62.22
-43.22
44.32
-34.07
59.88
-49.22
51.34
-68.13
53.14
27.91
-1.42
-23.24
-17.37
-13.86
-9.54
-3.92
-48.81
-6.60
21.86
2.53
-52.12
-23.63
6.62
-41.63
-60.91
0.38
-12.93
10.06
-58.61
-69.03
1.79
17.82
19.80
-65.40
-64.96
46.24
-9.09
-20.17
2.93
-23.86
28.48
123.85
7.16
30.82
-9.43
44.67
-3.64
-23.04
-54.34
-74.75
-83.14
-40.33
-133.37
-110.52
-2.38
-48.20
20.51
-33.64
-49.38
-67.63
11.14
-16.31
-10.13
14.66
-62.38
62.63
31.07
24.42
-6.27
61.85
-14.87
11.31
5.76
7.59
-72.95
-22.59
11.27
-72.96
-44.07
-30.67
-65.25
-31.60
-21.96
37.33
-63.92
6.60
-35.14
-38.63
-35.63
-60.20
-3.43
-48.20
-44.42
-2.17
-48.26
26.31
9.63
-5.19
-1.90
19.07
-73.10
-86.76
-75.03
-12.33
12.96
-15.02
-15.55
27.70
30.09
-67.52
18.37
11.75
32.55
1.57
-26.32
7.41
-10.73
-67.65
30.83
28.04
-13.48
-4.23
8.87
21.52
-58.24
2.57
-5.67
-52.02
-28.40
30.07
-17.29
10.86
-60.81
-62.91
-40.80
-14.03
-74.42
71.45
-91.40
-7.52
-0.01
-52.45
69.11
45.45
-11.96
9.53
-4.76
12.38
32.50
-49.73
-43.15
-11.30
-53.78
11.96
-32.22
-75.50
-51.92
-23.48
-27.38
-25.18
24.42
45.49
31.72
33.82
62.11
3.02
49.37
15.47
-0.71
32.97
-3.47
42.94
14.78
-26.80
-38.36
8.72
20.26
-64.67
-25.04
-71.03
-2.15
36.27
16.27
-24.64
56.24
-66.74
49.66
15.69
-41.75
-113.69
-27.65
54.88
-57.81
14.70
16.73
-4.20
-8.01
-49.70
-42.61
20.51
-32.97
-9.27
-34.29
-31.22
5.88
-82.53
55.77
-35.09
-75.22
-59.11
-66.91
3.28
10.62
29.78
8.29
23.99
-23.68
-30.10
-60.25
-51.45
-3.08
-4.05
-11.13
-36.01
-77.67
-18.27
-17.39
-8.58
10.86
23.50
-61.13
16.78
-15.61
20.58
-7.66
-6.25
-11.27
3.97
-72.40
-81.18
108.45
-51.13
-27.30
-29.44
56.39
163.50
72.91
-2.64
19.38
63.76
19.25
-71.30
-76.68
15.62
-66.29
-58.47
-34.93
-14.20
-8.03
-18.83
-16.34
6.31
-28.75
17.12
29.87
-29.24
-34.54
-9.60
9.38
0.73
-41.35
-54.72
4.87
-101.07
-37.08
-84.87
-13.25
-1.11
44.19
7.33
-24.50
4.56
101.03
12.08
-6.66
-24.58
-15.90
14.14
-17.84
-39.73
16.47
5.48
12.02
-4.95
-54.25
15.42
34.86
-9.32
-132.52
2.90
-47.61
-2.53
-45.76
-81.87
5.63
15.25
29.02
108.04
23.73
-23.04
39.47
25.54
7.06
13.44
-62.51
0.80
2.23
-1.19
8.23
22.61
11.34
-63.84
-6.43
0.70
-15.86
-23.14
16.03
5.99
-16.88
37.35
22.83
24.25
15.08
4.33
-4.24
20.22
1.08
31.95
1.33
-32.98
-19.49
-29.05
-31.81
40.31
29.11
8.96
-7.38
5.54
-26.60
11.70
-10.66
0.37
-3.60
11.43
-28.78
-38.73
-34.45
16.13
42.39
13.69
-2.38
65.64
18.11
25.09
-23.26
-29.34
-16.08
-9.96
-48.23
2.70
-51.42
-58.64
15.86
-21.14
17.72
0.94
-19.59
33.60
19.14
-10.35
-157.30
24.22
25.42
-26.33
-33.83
3.61
-33.08
15.03
-52.20
16.07
-15.19
-11.30
48.42
45.09
60.18
-15.72
-14.64
-4.18
0.02
-28.78
-29.14
16.33
-32.37
-21.73
15.42
-51.85
-65.12
-1.42
-87.13
-22.22
51.09
-18.36
48.42
24.84
-38.69
-9.06
19.64
-35.98
-9.39
3.94
-36.99
17.33
-8.55
32.69
-23.78
-7.94
-29.75
1.76
-34.52
-29.13
-13.22
-5.09
-17.59
-16.52
-10.28
-19.08
-4.57
-3.19
-14.95
-13.64
-13.90
-19.58
-26.02
-17.84
-28.22
-23.86
-17.33
-24.39
-6.67
-26.39
-37.45
-34.07
-29.87
-38.93
-52.86
5.03
-16.04
-10.33
-20.23
-23.76
-30.75
-28.15
-13.21
-31.04
-43.40
-30.25
-90.76
-52.53
-63.94
-62.38
-29.04
-75.69
-66.59
-43.89
-22.44
-41.75
-66.19
-50.22
-31.57
-44.65
-9.14
-46.56
-83.51
-76.78
13.87
-13.41
-28.89
-81.89
-126.13
-12.80
-10.15
11.72
-41.77
-60.66
51.40
-66.14
-29.54
-42.64
-51.32
-75.91
-36.72
-94.59
-126.81
-42.40
-76.85
-49.55
-85.41
-129.33
-75.60
22.37
-19.01
-39.05
4.49
-49.75
10.66
-83.43
-110.53
-12.85
16.89
-60.93
-8.67
-42.96
-102.78
-43.12
-5.12
-49.41
-114.08
-88.76
110.03
15.26
-35.77
-19.75
-24.17
-27.60
31.96
19.51
-1.72
-0.90
-58.25
31.67
-67.13
84.82
-24.33
13.15
38.64
58.95
37.16
-30.68
-12.01
-34.82
-29.12
10.44
39.08
-37.05
-38.74
-57.49
-25.16
37.93
-67.99
27.27
-43.33
-39.13
-24.28
28.14
-19.92
-75.43
-26.08
17.91
-11.37
-23.37
-80.91
-14.06
-35.86
-58.59
-30.58
-22.53
-36.77
70.51
21.19
-64.54
3.98
61.01
-6.77
-42.70
-9.82
-38.20
-14.51
5.17
-118.99
-49.43
-33.58
20.45
-15.96
-96.23
17.90
17.45
-1.74
15.05
6.89
51.91
6.47
-28.05
-23.42
-24.05
12.67
59.62
-40.65
-14.96
-72.04
-45.28
15.95
46.13
45.95
9.36
-45.41
12.91
-28.51
1.30
-4.83
-65.60
-101.77
-5.45
-59.98
39.83
-9.89
8.39
-76.87
-38.38
-73.10
15.92
66.92
-15.28
-62.02
-85.94
-5.26
-55.20
-23.79
23.87
-38.39
-12.07
-91.53
-78.32
-46.82
-31.70
-47.47
31.44
-27.38
-35.60
-80.95
-44.89
-10.07
-13.32
-31.94
-52.77
-36.99
-6.29
-22.50
-7.90
-45.40
-22.30
3.42
-7.24
-57.38
-0.25
-39.70
-4.31
2.55
-5.35
-31.22
-29.72
-25.48
-35.27
-43.99
-0.18
-46.21
-34.09
-34.30
-11.72
-7.97
-49.11
8.08
-25.01
2.77
-1.29
1.30
-7.85
39.50
-26.93
-59.36
-65.13
-7.23
25.19
-32.64
-4.75
17.15
-13.70
-14.96
-19.30
-34.16
-10.72
-35.08
-12.69
-38.21
-54.97
-48.37
-56.32
-59.65
-24.94
-31.85
-10.92
-12.99
-54.34
-58.59
-31.92
-44.65
-52.55
31.69
-20.25
-22.19
-84.03
-28.48
25.63
-63.38
13.28
-59.28
26.03
-71.15
11.97
-11.26
-29.07
-38.43
-34.30
-10.36
-40.41
-32.74
-36.14
-73.11
-14.11
-19.52
-49.88
-31.73
-13.04
-40.19
-19.17
-26.99
-11.04
-24.67
-31.94
-81.35
-14.53
-32.09
12.47
-23.41
-10.54
-42.32
-26.77
-13.89
-24.39
-43.00
41.77
-48.83
-61.92
-15.92
-42.85
-27.16
5.58
-47.77
-23.42
-67.64
-30.42
-12.36
-27.97
-39.78
-15.41
-35.71
-3.69
-41.89
-25.90
-51.27
-29.63
-63.18
-35.92
-30.19
-110.72
-42.02
-29.55
-24.16
-19.03
-27.72
-40.44
-14.79
-18.65
-27.30
-45.87
-25.17
-58.71
-29.79
-87.66
-21.14
-6.51
-12.48
-29.48
-29.76
-26.82
-9.89
-29.85
-37.10
-31.44
-14.57
-26.73
-61.19
-16.80
-12.94
-33.52
-40.81
-24.39
-10.21
-59.22
-14.35
-23.68
-40.30
-29.69
-9.99
-8.37
-18.47
21.75
-16.47
-29.93
-18.03
-1.10
-31.91
-40.38
-27.94
-18.57
-35.29
-38.70
-22.34
-2.06
-29.10
-25.16
-28.81
-61.56
-22.71
-50.58
-29.26
-6.25
-24.60
-22.77
-45.91
-68.40
-22.09
-10.26
-38.24
-40.01
-39.58
-52.48
-26.52
-36.55
-13.84
-5.50
-37.43
-49.66
-72.90
-16.95
-31.27
-27.42
-26.01
-43.86
-12.96
-124.23
-0.51
-30.98
-33.08
-3.04
-9.32
-57.20
-82.85
-37.62
1.45
-14.23
-9.58
-25.64
-17.60
-13.81
-22.72
-26.60
-7.77
-3.87
-38.79
-107.15
-35.51
3.71
-31.70
-27.62
-38.96
-28.69
4.41
-13.49
-17.42
-42.26
-45.43
-80.25
-17.27
-13.80
-9.30
-174.72
-53.16
-25.11
-31.27
-23.53
-9.99
-17.75
-24.03
12.74
-9.66
-5.44
-16.28
-12.68
-28.34
-4.31
-16.70
-14.60
-6.43
-12.74
-38.32
-55.02
-12.67
5.50
-19.58
-19.53
-6.12
-6.83
-19.90
-9.70
4.32
-21.52
-78.55
-19.91
-16.36
-8.41
-4.18
-19.22
-8.73
-9.76
-18.32
-10.23
-10.50
-39.03
-26.36
-16.09
-2.01
-25.74
-24.42
2.86
-12.37
-27.76
-35.53
-2.24
-7.58
-13.61
-29.07
-145.38
-31.92
-23.59
-24.35
-10.33
-48.23
-15.24
-1.86
-33.63
-13.66
-36.25
-68.81
-3.06
-29.77
-53.92
-3.15
-39.26
-21.12
15.99
-0.40
1.27
-11.76
14.62
-31.25
4.30
-48.38
-7.38
-30.16
-4.62
-43.11
-27.27
-16.96
-0.61
-12.74
-7.81
-15.98
-40.62
-5.72
-7.19
-26.93
-7.85
5.76
-30.31
-28.40
23.10
-21.30
7.17
4.16
6.62
-10.09
-6.01
-13.49
6.43
-6.48
-53.03
-11.16
-6.55
-31.77
-66.40
-21.35
-13.45
-52.76
-15.08
-15.80
-24.31
3.43
-17.13
6.48
-6.10
-13.27
-10.56
-23.58
-5.24
13.19
-68.18
-3.64
-26.98
-1.94
-26.41
-14.65
-31.84
-3.32
-21.74
-27.41
-45.13
-22.33
-3.08
-0.04
-7.50
11.99
-12.37
-26.70
-23.63
6.80
-8.51
-11.99
-34.75
-14.26
-17.55
-31.17
-28.23
5.49
-3.05
-13.50
-21.03
-10.95
-14.02
-19.54
-4.53
-0.89
-14.50
-0.35
-2.95
-27.94
0.55
-22.11
-23.85
-14.05
8.52
-49.36
-8.27
-23.09
-19.13
-4.36
-13.44
-25.05
-0.96
-7.57
0.53
-34.01
-16.19
-22.79
-20.82
-2.03
-59.03
-10.79
-1.63
5.75
31.89
2.65
-10.13
-22.33
-7.23
-12.52
-6.93
-1.74
-19.22
-7.83
-10.38
-13.15
-46.33
-30.63
6.00
-40.52
-8.61
-32.61
-6.13
3.64
-15.89
-23.02
-13.87
-87.27
-27.03
-20.70
1.00
-1.10
-6.87
-13.42
-22.02
-20.52
-1.89
11.90
-12.28
-16.74
-25.89
-21.26
-3.62
-15.47
-26.15
-14.95
-22.42
-11.87
1.17
-21.03
-1.68
-18.31
-53.59
-19.04
-18.32
-12.12
-82.31
-2.58
-0.72
1.64
-20.76
-21.81
-59.74
0.35
-14.35
-5.26
20.65
-9.66
2.01
-10.09
-13.56
-11.02
-17.51
-5.11
-16.25
-6.76
-0.18
-13.44
-9.40
-21.79
-0.57
-9.23
-133.93
-0.43
-1.25
-0.43
1.21
0.66
-5.76
-4.74
-4.03
1.45
4.53
1.75
-33.83
1.44
-0.47
-9.03
-3.24
-8.84
0.17
2.11
-52.92
-21.57
-35.32
-6.33
-28.67
-18.08
0.94
-8.97
-10.01
-1.19
-5.95
-0.55
6.98
-4.50
-1.69
5.18
-18.90
-0.84
-17.00
-9.97
-5.51
-7.05
10.25
-18.48
-3.04
-5.68
-12.13
-6.65
-27.27
-3.17
-5.06
-20.78
-12.43
-23.70
-9.93
-20.89
-13.24
2.98
8.97
-6.27
-3.02
2.55
5.31
10.00
-4.56
16.19
11.93
-2.12
0.76
-0.17
-7.56
-16.73
1.32
-1.66
-2.82
-0.57
-6.54
0.85
-13.31
7.23
-1.73
0.72
-9.53
-0.57
5.31
-2.93
-6.95
-33.28
-1.68
-8.34
2.87
-8.58
-0.90
5.50
1.54
-3.00
-8.16
-1.95
-15.63
1.34
-11.08
2.45
8.04
-0.74
-7.48
-17.87
-4.68
1.82
-3.37
9.99
-1.70
-9.67
-18.67
-2.51
-5.14
-37.01
-11.06
-20.58
0.91
-40.07
-1.29
13.82
-5.80
-5.28
-26.90
-11.49
-2.50
-15.13
-12.31
-6.82
-4.19
0.61
2.52
-5.61
4.92
-1.16
-9.48
-21.53
-10.97
-0.06
-6.70
3.49
23.94
-9.34
-2.46
-19.56
0.01
-4.73
-24.77
-2.22
26.79
-10.95
5.40
-10.38
-2.43
-3.74
-0.16
-0.28
-0.44
-11.33
8.59
4.37
-81.26
16.15
4.03
-11.52
-4.71
-1.72
6.15
3.78
0.84
14.69
-16.04
-1.70
2.26
7.01
-2.08
-9.48
-10.34
5.62
39.78
5.18
11.18
-0.57
-82.79
-21.85
-6.73
-17.71
1.71
-50.83
-15.60
1.30
-10.25
-4.88
-0.89
-14.64
-3.60
-3.54
-40.60
-6.63
-45.85
1.86
2.69
1.38
0.55
-4.11
-6.94
-3.54
-4.71
-0.34
2.84
3.39
2.18
16.47
-3.50
-5.17
-6.40
-3.72
-13.42
-5.27
-15.60
2.41
-7.15
-19.83
-4.30
-31.49
-7.33
-11.60
-7.32
-7.81
-9.54
-5.04
-5.56
-2.42
-2.78
-3.62
-3.89
-7.75
-34.48
-12.98
-18.96
-1.40
-30.45
-0.00
-9.75
-2.08
2.43
10.88
1.67
-1.43
-3.35
2.66
-5.98
-3.92
-14.72
-9.15
-20.05
-1.06
-2.16
-3.10
-12.71
-3.86
19.09
-11.18
-0.36
-3.30
16.91
4.61
16.01
2.66
19.67
-0.40
1.73
17.87
-6.11
2.79
5.38
15.37
-37.83
-18.29
0.49
-8.46
8.01
-4.99
-13.67
9.04
7.01
0.54
-3.82
-10.46
-15.54
3.65
-11.19
-7.46
1.75
-3.08
-5.36
4.34
-4.81
-7.55
-26.21
-9.28
-5.37
-12.06
3.76
4.53
-11.21
-30.28
9.48
-1.43
3.79
-7.92
-10.21
1.06
-5.50
17.33
1.02
-3.19
-20.44
-4.05
-1.32
4.39
-8.27
3.07
-20.02
-7.33
-11.75
-1.36
-2.67
-0.61
-0.52
0.81
2.38
1.41
-18.45
-24.83
1.50
22.58
-0.43
8.86
4.61
4.70
-7.64
2.27
-9.30
3.13
3.71
1.69
5.55
-3.42
0.95
-3.58
-1.31
32.30
-9.51
-14.30
0.24
9.89
3.67
4.11
-6.30
4.01
-17.58
-9.20
-3.02
3.72
0.39
3.12
-7.65
-14.45
16.68
-0.80
-12.83
-4.86
3.82
-36.69
2.94
2.19
-29.23
-21.26
-7.93
-11.71
1.48
1.43
1.39
-4.08
0.65
-3.91
-3.47
-0.74
-1.98
-3.59
-11.43
-8.97
-5.65
4.02
-4.34
7.69
-4.10
-5.92
0.02
2.92
-3.86
-10.47
-1.16
18.66
5.21
-12.43
-19.30
-2.07
-6.94
-9.07
12.46
0.75
-7.76
-5.17
-2.37
-3.11
2.04
1.65
2.10
-13.82
-10.75
0.69
-0.15
-0.22
-33.06
34.16
-1.61
-3.60
0.75
-0.67
-2.61
2.68
3.40
-17.78
22.18
-36.89
-3.70
-4.95
-0.05
-1.04
0.43
-1.51
-7.10
-5.31
-0.22
0.81
-2.83
0.65
-0.21
5.79
-25.19
-26.03
-16.49
-4.00
-6.13
1.77
3.40
2.69
1.22
-4.73
-8.47
-4.84
2.98
-11.84
3.21
-3.29
-2.77
-1.26
-10.96
-3.60
-3.63
-2.62
3.44
-4.80
-0.07
-0.09
-3.33
-3.21
-6.67
