0.00
-0.07
-0.04
-0.08
0.05
-0.00
0.02
0.06
-0.04
0.09
0.08
-0.02
0.03
-0.08
-0.04
-0.07
0.59
0.19
-0.18
0.17
-0.10
0.23
0.15
-0.48
0.12
1.01
0.34
1.24
-1.23
0.23
-0.46
-0.55
0.45
1.02
-0.01
0.57
-0.06
0.90
1.17
0.45
-0.07
0.94
0.46
0.55
-0.12
0.15
0.22
1.11
0.18
-0.67
0.38
0.23
0.13
-2.04
-0.88
1.38
1.50
-0.80
0.18
1.20
2.45
-0.29
-1.98
0.43
2.16
-0.49
0.38
0.51
-0.45
0.73
0.12
-2.17
0.00
-1.92
2.11
0.12
0.04
-0.10
0.80
-1.05
-3.25
1.46
2.01
-0.29
-1.02
1.37
0.33
-1.36
-1.61
0.09
0.20
-0.19
0.93
0.52
-0.99
0.05
-0.10
-0.72
0.58
0.47
1.32
0.08
1.30
-1.64
-0.41
-0.06
-0.18
0.71
1.29
1.64
3.57
-1.88
0.84
-0.21
0.68
0.14
-0.56
0.07
-1.37
-0.12
-0.80
-0.47
-0.55
0.51
-0.28
-0.76
-1.52
-0.19
0.13
-0.09
-0.44
-0.37
0.19
0.85
-0.81
-0.47
0.31
-0.34
-0.38
-0.27
-0.71
-1.18
-0.12
-0.15
0.21
0.54
-0.16
0.24
0.47
-0.57
-0.77
0.71
0.75
-0.60
-0.09
-0.10
-0.29
0.33
-0.02
-1.23
-0.76
-0.05
-0.13
-0.03
-0.21
-0.32
0.24
0.01
-0.29
-0.52
0.05
0.20
0.39
-1.45
0.24
-0.57
-0.39
-0.01
-0.00
-0.30
-0.90
-0.02
-0.03
0.37
-0.03
-0.06
0.26
0.09
0.24
-0.13
0.55
0.43
-0.08
0.14
0.28
0.01
0.07
0.32
-0.10
0.04
0.32
0.01
-0.01
-0.25
0.27
-0.35
-0.07
0.01
0.05
0.24
0.02
-0.32
0.02
0.18
-0.07
0.13
0.26
-0.00
-0.14
0.04
-0.04
0.13
-0.02
0.03
