-463.66
-438.68
-463.84
-418.55
-425.02
-430.00
-418.05
-419.03
-398.43
-411.69
-413.00
-420.97
-408.48
-418.52
-406.59
-434.32
-388.70
-403.03
-445.95
-396.62
-372.41
-412.43
-438.09
-393.86
-410.25
-369.67
-358.97
-381.10
-388.23
-412.00
-368.85
-408.86
-394.43
-414.37
-330.05
-363.64
-349.13
-342.26
-379.07
-359.77
-389.57
-352.82
-395.94
-389.72
-354.54
-391.18
-398.39
-340.98
-406.81
-432.36
-418.61
-315.40
-436.76
-324.41
-464.04
-382.57
-340.25
-406.28
-354.06
-439.33
-373.65
-394.96
-328.28
-402.46
-347.00
-354.85
-400.18
-369.09
-323.02
-475.31
-490.74
-384.89
-428.72
-422.31
-372.98
-369.21
-586.47
-367.25
-549.31
-382.24
-412.09
-462.89
-406.71
-374.63
-371.80
-369.11
-395.02
-458.94
-405.17
-400.42
-412.67
-439.90
-418.85
-445.90
-348.12
-402.99
-387.45
-393.88
-378.11
-370.87
-348.15
-353.80
-366.51
-370.27
-362.34
-447.01
-499.01
-412.32
-438.09
-377.34
-330.91
-372.09
-373.46
-322.10
-369.50
-345.82
-338.03
-323.51
-404.97
-401.22
-374.45
-392.16
-379.24
-391.78
-374.89
-447.29
-378.64
-422.49
-443.99
-345.13
-473.77
-405.65
-325.09
-301.19
-374.58
-357.02
-389.31
-380.11
-324.89
-393.43
-388.87
-311.82
-516.88
-535.66
-389.11
-343.55
-370.52
-459.48
-412.39
-374.56
-417.20
-300.68
-364.66
-397.06
-374.47
-410.66
-345.01
-386.49
-399.22
-408.24
-408.68
-433.01
-394.87
-340.01
-350.71
-324.48
-409.12
-381.17
-352.94
-382.81
-355.37
-402.69
-428.19
-402.47
-430.88
-420.42
-417.17
-498.45
-457.79
-412.54
-417.35
-424.11
-419.94
-394.52
-417.15
-423.12
-426.54
-424.64
-408.04
-423.64
-395.81
-446.79
-530.97
-374.61
-395.11
-463.66
-439.42
-437.38
-437.07
-434.54
-447.97
-452.56
-441.10
-458.52
-443.62
-449.72
-440.51
-452.17
-431.02
-446.23
-457.79
-450.99
-455.01
-460.35
-433.69
-444.58
-445.97
-420.24
-451.13
-460.40
-435.78
-435.26
-467.60
-456.76
-444.91
-429.07
-453.12
-446.16
-456.69
-463.46
-454.61
-451.45
-449.90
-445.71
-447.72
-469.55
-482.21
-435.65
-443.25
-434.12
-455.48
-430.42
-458.42
-464.87
-463.09
-441.65
-452.30
-436.02
-453.47
-438.14
-462.36
-458.52
-458.87
-454.87
-442.59
-461.26
-461.68
-431.99
-480.56
-447.54
-454.35
-450.28
-454.97
-458.18
-459.83
-457.06
-449.31
-439.71
-423.64
-451.59
-443.86
-434.72
-428.24
-414.34
-443.40
-462.33
-466.97
-450.73
-450.26
-432.90
-442.23
-434.93
-450.09
-427.10
-445.61
-431.39
-454.14
-441.38
-445.04
-447.34
-436.70
-409.33
-439.32
-425.22
-441.95
-463.96
-457.66
-429.67
-433.31
-434.77
-418.32
-445.15
-440.35
-417.86
-454.05
-418.45
-448.22
-436.86
-412.45
-421.99
-430.78
-438.44
-419.10
-437.54
-441.77
-412.22
-416.72
-451.22
-449.68
-438.82
-437.93
-440.51
-429.32
-419.91
-405.94
-439.45
-447.23
-435.86
-395.35
-441.43
-431.60
-438.13
-445.05
-416.11
-407.42
-431.63
-447.21
-402.41
-456.98
-418.82
-446.66
-430.10
-423.80
-440.00
-444.61
-429.82
-440.74
-419.74
-400.43
-437.36
-425.25
-425.82
-423.22
-412.86
-436.85
-463.66
-437.64
-449.59
-434.66
-450.58
-428.09
-436.74
-433.87
-421.92
-427.35
-434.52
-450.13
-438.22
-435.69
-412.62
-430.59
-436.57
-446.33
-429.33
-399.00
-427.43
-399.48
-442.17
-385.61
-411.98
-398.92
-420.30
-459.95
-422.28
-427.37
-444.91
-430.15
-398.22
-372.10
-422.13
-392.59
-393.22
-361.21
-406.26
-407.84
-368.89
-361.59
-395.03
-415.61
-372.75
-393.60
-376.91
-361.81
-430.02
-396.57
-514.69
-423.47
-387.38
-459.17
-392.87
-395.04
-458.68
-397.99
-444.67
-393.53
-474.08
-403.04
-421.69
-425.13
-436.12
-336.54
-486.69
-372.51
-428.70
-342.78
-352.31
-401.19
-377.33
-479.63
-363.83
-383.72
-429.37
-418.87
-517.48
-416.80
-349.14
-427.05
-358.82
-403.84
-369.77
-463.66
-437.64
-449.59
-434.66
-450.58
-428.09
-436.74
-437.30
-424.01
-412.75
-433.73
-439.18
-429.89
-463.66
-442.95
-449.17
-419.55
-449.47
-445.66
-425.05
-420.83
-399.79
-424.53
-438.55
-428.42
-403.22
-425.70
-395.49
-410.43
-400.92
-382.09
-381.16
-369.64
-380.39
-352.60
-377.08
-339.51
-364.05
-356.67
-346.52
-303.46
-362.62
-392.96
-378.01
-390.87
-363.78
-388.58
-415.81
-354.97
-462.53
-394.00
-343.57
-357.64
-377.07
-460.54
-338.80
-412.00
-380.17
-344.50
-325.91
-402.20
-344.29
-367.06
-389.44
-494.39
-370.03
-340.99
-378.70
-333.63
-344.89
-361.75
-354.22
-346.57
-360.80
-377.34
-338.39
-386.76
-356.61
-384.10
-346.23
-417.84
-467.54
-407.71
-386.03
-343.51
-354.98
-346.39
-351.17
-370.29
-366.16
-356.36
-350.28
-350.19
-397.05
-392.67
-364.64
-354.00
-321.32
-307.78
-348.78
-379.56
-340.06
-485.67
-374.87
-322.52
-343.30
-356.63
-388.57
-331.63
-385.57
-391.36
-334.80
-338.53
-634.98
-373.95
-502.66
-341.90
-427.22
-380.70
-393.78
-518.88
-416.97
-523.65
-551.37
-412.93
-413.19
-531.22
-367.71
-378.61
-303.85
-423.00
-449.55
-352.91
-416.20
-338.09
-372.02
-335.45
-352.45
-264.04
-344.85
-296.70
-345.45
-253.90
-309.14
-364.64
-373.81
-415.02
-347.74
-365.89
-395.12
-376.92
-322.96
-305.11
-274.17
-397.94
-326.75
-355.92
-380.71
-466.00
-326.96
-401.49
-368.22
-379.74
-308.90
-338.52
-338.76
-401.74
-313.47
-361.64
-373.04
-318.66
-351.63
-416.11
-330.22
-334.88
-385.91
-336.72
-262.09
-265.21
-303.20
-311.65
-379.85
-281.62
-322.56
-390.83
-336.33
-272.25
-417.98
-272.91
-305.32
-317.60
-411.10
-310.49
-347.46
-305.52
-352.96
-305.63
-452.49
-376.08
-413.25
-343.06
-396.81
-407.89
-353.90
-337.27
-459.03
-376.90
-374.40
-329.91
-443.60
-394.43
-378.28
-390.48
-401.73
-363.04
-359.41
-338.21
-381.46
-358.61
-350.63
-349.15
-366.47
-386.42
-374.45
-402.52
-401.84
-361.12
-384.59
-378.85
-602.59
-376.93
-362.59
-489.54
-391.60
-352.87
-413.58
-382.34
-391.12
-418.27
-451.99
-408.05
-459.10
-405.11
-617.70
-381.49
-387.63
-399.32
-388.32
-419.66
-493.08
-441.82
-379.24
-377.51
-392.52
-384.22
-389.01
-398.54
-347.47
-382.70
-376.97
-408.83
-398.05
-396.01
-385.58
-402.54
-385.29
-365.44
-378.16
-378.53
-399.82
-418.64
-363.88
-355.74
-395.53
-358.24
-369.02
-345.42
-400.79
-358.73
-361.00
-322.44
-348.12
-347.40
-314.88
-366.93
-390.36
-394.14
-393.19
-325.33
-333.92
-350.88
-313.99
-338.82
-383.75
-510.63
-351.45
-385.34
-347.45
-339.26
-366.80
-346.13
-327.87
-321.48
-317.95
-339.94
-355.91
-360.00
-351.28
-375.59
-353.30
-355.16
-363.16
-363.37
-370.16
-405.23
-395.33
-402.15
-388.19
-387.92
-393.07
-349.66
-331.74
-380.66
-365.77
-362.69
-420.72
-391.10
-345.75
-340.18
-389.21
-430.42
-370.34
-384.83
-372.42
-357.03
-349.64
-343.09
-365.99
-367.89
-349.42
-346.28
-329.21
-373.25
-324.92
-326.57
-323.66
-378.02
-364.39
-307.23
-345.67
-392.10
-319.28
-320.57
-321.00
-321.50
-343.85
-357.69
-337.14
-329.50
-305.72
-329.11
-331.48
-321.99
-333.33
-332.54
-324.80
-309.35
-345.19
-349.36
-326.72
-350.47
-376.57
-337.71
-358.37
-383.34
-342.07
-343.62
-367.32
-369.11
-374.82
-373.78
-370.36
-385.05
-357.78
-348.42
-371.97
-334.02
-386.53
-385.90
-381.97
-342.87
-321.45
-336.40
-325.98
-326.28
-320.71
-322.85
-315.14
-318.14
-318.46
-318.52
-319.02
-351.58
-338.20
-320.69
-353.73
-389.70
-328.39
-335.39
-350.81
-336.44
-334.13
-357.71
-291.37
-298.98
-321.32
-319.46
-319.08
-343.77
-323.96
-319.05
-313.86
-298.40
-355.25
-400.60
-331.57
-395.07
-343.38
-304.87
-309.89
-339.05
-366.12
-330.77
-360.58
-315.06
-364.95
-327.08
-338.24
-329.60
-319.52
-342.34
-318.63
-327.59
-312.02
-335.57
-322.20
-318.09
-317.66
-362.78
-335.57
-335.57
-323.56
-318.98
-325.67
-334.46
-320.89
-344.62
-316.99
-332.04
-343.92
-307.96
-310.32
-339.58
-312.13
-321.56
-328.25
-289.85
-331.49
-332.49
-318.27
-321.90
-319.41
-322.46
-323.26
-334.44
-343.57
-343.11
-490.76
-392.39
-377.68
-345.14
-351.28
-354.64
-336.74
-395.58
-369.96
-352.93
-359.38
-342.44
-322.96
-336.45
-324.24
-333.77
-358.70
-360.46
-375.31
-386.74
-364.90
-380.58
-393.34
-328.99
-386.24
-373.54
-326.50
-324.87
-355.81
-375.78
-343.19
-345.12
-338.99
-322.88
-338.78
-334.83
-378.62
-319.95
-348.52
-372.75
-357.51
-380.53
-359.31
-346.32
-347.98
-346.95
-359.86
-380.36
-382.65
-353.95
-369.78
-420.77
-326.10
-387.73
-358.32
-389.14
-370.71
-390.02
-379.51
-386.23
-387.73
-387.73
-386.64
-372.34
-375.29
-388.73
-349.61
-377.89
-373.33
-352.20
-352.20
-360.78
-381.94
-333.74
-341.72
-354.64
-298.21
-336.69
-342.11
-342.07
-325.20
-337.64
-339.86
-338.53
-325.99
-476.02
-344.70
-342.98
-352.79
-327.59
-329.70
-337.70
-332.52
-313.07
-312.86
-355.93
-332.43
-341.28
-299.63
-312.47
-328.40
-322.56
-338.53
-327.15
-390.71
-305.77
-492.00
-303.04
-318.96
-385.52
-343.68
-389.68
-338.53
-339.53
-340.20
-341.63
-340.20
-345.25
-315.29
-330.90
-344.74
-319.99
-325.01
-327.01
-322.11
-331.86
-323.45
-323.39
-338.80
-338.53
-338.53
-341.20
-304.59
-361.79
-361.79
-339.51
-334.73
-356.53
-334.97
-462.26
-334.73
-499.00
-373.29
-359.88
-385.52
-362.03
-320.53
-338.53
-350.58
-309.82
-338.53
-321.86
-304.36
-344.56
-341.03
-338.53
-338.53
-335.94
-343.26
-412.71
-340.30
-339.53
-318.67
-338.53
-398.82
-322.07
-305.07
-326.71
-319.28
-326.90
-310.47
-289.41
-327.71
-318.31
-284.99
-294.39
-305.20
-304.72
-322.79
-337.19
-351.03
-339.39
-350.65
-327.89
-388.48
-371.56
-388.73
-357.28
-386.81
-384.88
-398.97
-389.02
-389.02
-387.73
-369.71
-363.93
-389.02
-384.41
-393.74
-384.77
-415.87
-387.88
-418.76
-355.12
-374.36
-400.47
-404.37
-400.47
-387.73
-398.46
-389.02
-367.94
-407.68
-396.27
-390.30
-413.44
-420.94
-451.24
-421.49
-406.48
-440.77
-394.86
-341.85
-403.14
-394.88
-420.77
-419.63
-407.67
-412.73
-452.90
-393.79
-436.77
-434.97
-439.44
-424.31
-388.76
-473.86
-423.94
-406.06
-436.77
-392.64
-389.20
-398.70
-398.86
-364.03
-388.69
-413.82
-389.84
-362.64
-382.57
-390.09
-357.84
-407.85
-366.61
-386.29
-376.08
-376.63
-401.20
-418.90
-405.19
-375.51
-397.09
-412.03
-402.44
-393.24
-397.49
-396.93
-399.91
-399.99
-404.14
-374.76
-408.14
-408.48
-577.92
-399.87
-393.86
-372.47
-396.67
-370.61
-392.67
-383.43
-403.08
-386.96
-367.07
-377.30
-347.75
-374.86
-361.67
-371.69
-359.81
-402.82
-380.44
-379.58
-383.68
-401.27
-373.45
-372.57
-383.78
-393.16
-381.80
-380.89
-400.13
-356.09
-386.67
-372.15
-389.30
-384.38
-391.09
-373.88
-384.80
-393.78
-377.88
-380.47
-376.47
-384.22
-373.96
-408.55
-373.77
-396.69
-394.30
-374.47
-408.27
-398.86
-393.60
-420.05
-403.69
-430.39
-413.66
-424.91
-425.76
-432.11
-428.18
-413.66
-413.11
-423.27
-413.92
-419.37
-417.45
-421.14
-413.46
-418.04
-419.27
-417.60
-420.97
-420.97
-420.91
-399.48
-372.78
-373.20
-372.94
-353.86
-372.78
-374.30
-374.30
-372.63
-374.30
-373.69
-359.02
-368.41
-363.70
-348.44
-362.73
-348.92
-353.97
-359.02
-348.81
-339.06
-338.49
-334.79
-336.67
-336.62
-382.76
-391.42
-321.20
-363.74
-380.98
-367.56
-363.31
-369.63
-353.64
-346.86
-377.03
-368.51
-381.26
-372.68
-364.37
-348.97
-358.50
-359.32
-369.89
-358.70
-405.02
-345.98
-382.03
-357.42
-346.63
-360.62
-390.80
-327.62
-384.89
-397.64
-365.29
-359.54
-366.78
-358.37
-367.62
-369.85
-359.37
-361.33
-380.39
-380.54
-350.50
-355.19
-342.14
-366.16
-351.02
-366.74
-388.77
-366.74
-370.19
-392.54
-352.19
-368.53
-366.74
-368.44
-374.92
-352.85
-339.43
-357.10
-359.33
-349.30
-353.86
-350.31
-365.06
-366.70
-350.31
-372.44
-373.45
-373.45
-370.65
-392.13
-366.66
-370.19
-371.39
-389.20
-358.81
-357.99
-350.19
-369.77
-368.07
-366.74
-358.47
-328.72
-377.46
-343.34
-342.70
-374.66
-353.51
-335.25
-367.52
-342.21
-355.05
-346.77
-370.31
-350.41
-360.41
-351.61
-370.31
-362.62
-362.09
-372.52
-377.13
-357.02
-375.72
-368.53
-366.74
-357.64
-368.53
-357.55
-371.16
-362.62
-375.72
-366.74
-368.53
-360.25
-373.95
-370.31
-370.31
-377.56
-370.31
-377.56
-386.56
-383.50
-370.31
-354.25
-366.70
-377.13
-366.70
-379.54
-377.51
-377.07
-377.51
-377.51
-398.46
-384.26
-380.40
-375.48
-398.75
-383.73
-399.78
-374.60
-377.51
-386.29
-377.51
-379.54
-375.62
-379.54
-375.46
-379.54
-371.57
-371.57
-375.46
-366.12
-356.23
-379.54
-379.54
-379.54
-379.54
-379.54
-356.23
-366.70
-379.54
-379.54
-376.94
-379.54
-379.54
-379.54
-379.54
-375.48
-377.51
-377.51
-399.78
-375.04
-379.54
-379.54
-383.78
-353.86
-353.86
-379.54
-366.70
-353.86
-353.86
-361.10
-353.86
-372.53
-370.71
-360.52
-370.71
-364.86
-361.79
-371.29
-362.61
-361.10
-370.88
-361.10
-361.10
-347.01
-332.92
-359.52
-362.09
-360.41
-370.31
-370.31
-368.52
-370.31
-370.31
-354.52
-360.25
-366.74
-360.25
-373.12
-357.64
-350.60
-357.90
-354.10
-369.13
-368.65
-356.86
-374.13
-366.74
-368.26
-360.54
-365.83
-370.31
-367.61
-368.53
-370.31
-361.05
-360.44
-370.31
-367.61
-370.31
-370.31
-370.31
-368.53
-368.53
-370.31
-370.31
-351.74
-375.28
-368.53
-370.31
-393.59
-351.61
-356.35
-351.61
-374.92
-379.54
-377.56
-379.54
-382.07
-381.20
-379.54
-375.48
-375.48
-376.65
-375.48
-385.98
-375.48
-375.48
-375.48
-375.48
-375.48
-377.15
-375.48
-378.73
-375.00
-375.48
-377.51
-376.65
-375.48
-375.48
-376.65
-375.48
-376.65
-378.51
-379.54
-377.51
-379.54
-379.54
-377.51
-377.51
-380.04
-379.54
-379.54
-375.46
-369.97
-379.70
-377.30
-366.70
-370.32
-364.10
-379.54
-375.46
-366.24
-379.54
-379.54
-379.54
-379.54
-379.54
-379.54
-379.54
-379.54
-379.54
-379.54
-379.54
-382.79
-379.54
-379.54
-379.54
-379.54
-377.51
-379.54
-379.54
-379.54
-379.54
-379.54
-379.54
-379.54
-379.54
-379.54
-379.54
-379.54
-366.70
-366.70
-379.54
-379.54
-357.48
-379.54
-366.70
-375.46
-353.86
-379.54
-353.86
-366.70
-366.70
-357.48
-366.70
-343.39
-370.32
-366.70
-370.32
-379.54
-353.86
-353.86
-370.32
-343.39
-343.39
-370.32
-347.01
-360.41
-357.48
-347.01
-355.81
-361.10
-361.10
-370.71
-361.10
-361.10
-361.10
-370.71
-359.52
-361.10
-370.71
-362.10
-361.10
-361.10
-375.43
-361.10
-361.10
-361.10
-361.10
-361.10
-361.10
-357.48
-361.10
-361.10
-361.10
-361.10
-361.10
-361.10
-361.10
-372.13
-361.10
-361.10
-361.10
-361.10
-361.10
-361.10
-361.10
-361.10
-361.10
-372.48
-361.10
-361.10
-366.04
-362.49
-366.76
-371.85
-371.75
-378.53
-367.14
-365.84
-373.06
-375.25
-361.10
-379.38
-361.10
-361.10
-361.10
-374.43
-361.10
-361.10
-361.10
-361.10
-361.10
-361.10
-361.10
-361.10
-361.10
-361.10
-360.75
-361.10
-361.10
-360.51
-361.10
-361.10
-361.10
-361.10
-361.10
-378.13
-361.10
-361.10
-361.10
-361.10
-361.10
-378.13
-378.13
-361.10
-361.10
-395.16
-396.16
-395.16
-395.16
-395.16
-393.66
-395.16
-395.16
-394.25
-393.66
-379.97
-395.16
-380.11
-379.53
-395.48
-356.24
-380.37
-401.12
-359.77
-384.13
-377.56
-366.03
-363.28
-344.94
-372.27
-367.93
-366.31
-346.89
-365.18
-380.86
-366.45
-363.51
-384.78
-370.25
-371.80
-367.43
-364.53
-368.94
-339.37
-363.38
-371.53
-369.25
-367.96
-356.34
-376.48
-367.96
-368.14
-369.15
-367.96
-367.96
-390.09
-367.54
-362.20
-369.25
-385.38
-390.09
-368.24
-340.85
-366.13
-392.65
-365.64
-369.85
-333.46
-355.47
-408.75
-383.39
-365.64
-373.14
-349.41
-339.14
-334.50
-349.89
-403.90
-383.97
-380.69
-372.21
-353.52
-358.45
-387.88
-361.79
-398.89
-376.90
-389.19
-361.63
-326.21
-346.19
-332.12
-332.12
-332.12
-350.79
-350.79
-350.79
-329.79
-332.89
-354.12
-353.80
-318.67
-333.26
-322.48
-333.26
-318.45
-332.89
-367.04
-341.39
-351.46
-368.34
-382.55
-382.55
-368.34
-382.55
-365.95
-384.57
-349.65
-386.40
-389.35
-366.47
-377.09
-377.24
-357.13
-591.49
-375.27
-391.18
-415.55
-588.84
-402.93
-391.66
-376.63
-411.53
-366.33
-376.63
-377.05
-373.60
-375.72
-376.05
-373.38
-359.09
-366.99
-365.78
-396.78
-355.19
-374.55
-368.48
-363.70
-379.10
-378.02
-413.53
-379.45
-399.03
-396.83
-352.35
-376.58
-369.90
-358.80
-371.57
-363.37
-358.80
-370.07
-359.74
-349.90
-348.97
-349.90
-370.21
-389.02
-389.27
-457.10
-391.35
-406.28
-390.52
-406.28
-390.52
-390.52
-390.52
-382.42
-390.85
-390.52
-390.52
-390.52
-390.52
-390.52
-390.52
-390.52
-390.52
-390.52
-390.52
-390.52
-390.52
-389.74
-390.52
-390.52
-390.52
-390.52
-390.52
-390.52
-390.52
-393.62
-390.52
-390.52
-390.52
-390.52
-390.52
-390.52
-390.52
-390.52
-390.52
-390.52
-390.52
-390.52
-390.52
-390.52
-390.52
-390.52
-390.52
-397.31
-390.52
-390.52
-390.52
-397.31
-394.42
-389.88
-385.82
-393.78
-377.97
-404.04
-402.13
-400.23
-402.30
-402.13
-393.13
-400.23
-394.05
-381.07
-400.23
-404.04
-402.13
-404.04
-403.60
-413.47
-382.88
-375.08
-405.43
-384.50
-388.67
-403.27
-391.69
-375.49
-369.90
-369.90
-371.11
-359.66
-389.83
-362.52
-390.38
-408.01
-359.71
-360.72
-376.45
-360.43
-363.35
-363.35
-363.35
-366.81
-347.41
-363.35
-366.81
-379.29
-347.41
-347.41
-379.29
-363.35
-363.35
-379.29
-363.35
-347.41
-363.35
-372.01
-397.28
-347.41
-363.35
-347.41
-347.41
-347.41
-366.52
-343.77
-347.41
-347.41
-347.41
-360.22
-363.35
-379.29
-363.35
-379.29
-379.29
-379.29
-379.29
-363.35
-370.05
-347.41
-363.35
-363.35
-347.41
-347.41
-347.41
-347.41
-347.41
-347.41
-347.41
-347.41
-369.50
-347.41
-349.08
-347.41
-341.55
-347.41
-377.48
-347.41
-363.35
-347.41
-363.35
-347.41
-347.41
-347.41
-379.29
-363.35
-379.29
-360.82
-361.82
-363.35
-348.30
-363.35
-355.10
-363.35
-349.16
-363.35
-347.41
-363.35
-347.41
-347.41
-347.41
-365.10
-379.29
-357.21
-347.41
-378.12
-363.35
-363.35
-363.35
-347.41
-347.41
-363.35
-363.35
-362.68
-375.42
-363.35
-362.60
-363.35
-347.41
-346.66
-347.41
-347.41
-345.16
-328.57
-345.16
-347.41
-342.24
-358.81
-363.46
-336.21
-342.32
-357.39
-340.23
-372.43
-356.19
-335.96
-351.03
-354.67
-340.25
-328.70
-325.62
-325.62
-325.62
-325.62
-325.62
-325.62
-325.62
-325.62
-316.43
-325.62
-349.82
-333.40
-325.62
-338.80
-366.18
-338.80
-346.19
-341.18
-372.21
-396.99
-350.90
-382.64
-396.51
-361.44
-379.38
-381.22
-376.42
-381.52
-365.80
-378.57
-381.52
-385.36
-397.87
-381.47
-381.52
-372.85
-376.92
-385.36
-374.02
-386.50
-395.09
-389.81
-385.41
-381.47
-365.70
-378.77
-378.77
-378.77
-378.77
-365.75
-353.23
-378.77
-365.70
-378.77
-378.77
-372.13
-378.77
-378.77
-378.87
-379.10
-365.55
-378.77
-379.05
-379.05
-376.32
-378.72
-378.72
-376.32
-381.47
-373.77
-358.71
-378.72
-378.72
-373.02
-351.60
-376.14
-355.57
-343.94
-350.87
-351.29
-365.78
-351.29
-350.87
-351.95
-355.70
-329.13
-350.87
-343.36
-342.06
-353.98
-346.84
-331.97
-332.39
-332.39
-332.80
-331.97
-331.97
-331.97
-331.97
-331.97
-362.82
-331.97
-331.97
-347.02
-331.97
-331.97
-365.70
-331.97
-346.25
-322.60
-360.54
-346.25
-339.70
-331.97
-346.25
-347.42
-331.97
-377.85
-363.74
-364.36
-331.47
-355.34
-334.00
-333.82
-353.40
-346.65
-340.47
-344.30
-379.13
-390.68
-370.05
-378.89
-361.28
-373.87
-349.30
-357.66
-334.83
-339.37
-358.53
-349.34
-339.37
-339.37
-339.37
-348.51
-358.02
-348.51
-367.67
-372.21
-355.05
-377.16
-386.77
-410.24
-387.30
-384.13
-386.04
-378.71
-371.67
-373.92
-387.04
-388.26
-367.32
-387.30
-339.87
-388.26
-387.30
-386.97
-386.02
-387.30
-350.72
-347.34
-354.82
-350.23
-391.29
-341.65
-392.69
-365.09
-347.78
-382.83
-335.85
-382.83
-385.00
-382.83
-359.34
-359.34
-366.81
-341.80
-333.62
-339.80
-344.82
-342.09
-335.85
-335.90
-335.95
-335.85
-335.85
-342.69
-336.13
-342.64
-335.85
-335.90
-335.85
-335.85
-335.85
-335.85
-359.34
-335.85
-335.85
-359.34
-335.85
-335.85
-335.85
-335.85
-335.85
-335.90
-335.85
-335.85
-335.85
-335.85
-335.85
-335.85
-335.85
-335.85
-335.85
-335.85
-335.85
-335.85
-335.85
-335.85
-335.85
-335.85
-335.85
-335.85
-335.85
-335.85
-335.85
-335.85
-335.85
-335.85
-335.85
-335.85
-335.85
-335.85
-335.85
-335.85
-335.85
-335.85
-335.85
-335.85
-335.85
-335.85
-335.85
-335.85
-335.85
-335.85
-335.85
-335.85
-335.85
-335.85
-335.85
-335.85
-338.24
-335.85
-335.85
-335.85
-335.85
-335.85
-335.85
-335.85
-335.85
-335.85
-335.85
-335.85
-335.85
-335.85
-337.19
-335.85
-335.85
-335.85
-335.85
-335.85
-337.19
-335.85
-337.19
-337.19
-337.19
-338.53
-327.18
-356.89
-338.53
-364.75
-361.48
-384.73
-364.75
-384.73
-384.73
-386.02
-384.73
-384.73
-384.73
-384.73
-384.73
-384.73
-384.73
-384.73
-384.73
-384.73
-386.02
-384.73
-384.73
-384.73
-384.73
-389.84
-389.81
-389.81
-389.84
-394.96
-394.96
-450.24
-410.06
-418.50
-450.24
-450.24
-450.24
-443.18
-450.24
-436.13
-450.24
-443.18
-450.24
-443.03
-443.18
-410.06
-369.88
-368.63
-371.46
-367.63
-357.24
-368.63
-372.89
-368.63
-378.66
-376.28
-372.46
-399.37
-372.46
-395.76
-382.64
-402.28
-368.63
-463.66
-439.42
-437.38
-437.07
-434.54
-447.97
-452.56
-441.10
-458.52
-443.62
-449.72
-440.51
-452.17
-431.15
-447.70
-456.59
-450.19
-455.01
-460.35
-433.69
-444.58
-446.17
-422.65
-439.15
-450.93
-435.50
-435.86
-465.27
-451.29
-439.14
-457.87
-459.64
-477.96
-432.98
-461.16
-451.39
-455.67
-446.86
-453.03
-468.90
-460.36
-477.66
-449.18
-431.93
-458.81
-450.20
-457.06
-480.45
-437.65
-457.40
-441.62
-459.30
-444.98
-435.73
-437.75
-436.18
-464.19
-446.53
-441.63
-464.80
-458.48
-462.69
-442.80
-453.90
-458.88
-444.24
-470.79
-444.52
-454.02
-452.91
-450.36
-474.65
-461.24
-445.73
-457.01
-434.82
-460.70
-438.97
-445.11
-447.53
-453.96
-459.58
-425.99
-457.86
-466.44
-477.53
-418.89
-450.67
-442.80
-479.61
-430.10
-463.62
-470.86
-436.48
-453.11
-457.21
-469.57
-468.82
-415.51
-439.76
-471.90
-448.78
-466.27
-461.79
-455.62
-467.96
-432.91
-457.46
-457.18
-422.22
-462.64
-455.13
-444.75
-424.75
-450.34
-463.22
-444.59
-443.78
-434.26
-437.14
-452.79
-483.63
-430.61
-443.98
-449.97
-432.04
-468.57
-437.83
-436.31
-428.39
-446.85
-461.12
-416.32
-463.04
-450.73
-427.13
-455.31
-440.16
-427.60
-430.01
-443.69
-411.43
-413.41
-443.51
-432.47
-428.16
-435.27
-436.38
-440.10
-468.90
-397.77
-413.01
-431.00
-426.38
-441.39
-467.10
-433.90
-465.66
-415.43
-406.76
-440.31
-444.73
-450.91
-399.84
-403.03
-438.49
-430.46
-392.52
-398.47
-437.49
-452.06
-399.16
-395.85
-407.09
-437.27
-448.58
-442.28
-438.41
-391.86
-424.16
-391.39
-418.09
-439.77
-412.37
-438.93
-421.95
-418.83
-435.42
-391.05
-406.79
-402.81
-398.27
-430.20
-405.45
-402.98
-403.07
-430.21
-419.83
-405.10
-434.00
-430.83
-412.66
-427.89
-393.02
-365.53
-415.33
-417.05
-361.91
-407.55
-393.45
-397.55
-389.51
-394.46
-412.22
-404.97
-401.99
-360.38
-388.13
-410.16
-416.52
-385.89
-405.43
-414.74
-442.67
-438.24
-408.52
-424.28
-403.43
-407.57
-394.35
-376.28
-405.01
-380.84
-401.87
-380.44
-438.20
-377.68
-434.13
-436.95
-407.81
-368.93
-378.38
-411.64
-415.08
-404.95
-387.55
-400.17
-410.84
-423.02
-383.04
-382.46
-386.42
-366.15
-365.77
-376.38
-370.23
-408.91
-416.47
-395.92
-377.58
-357.52
-423.84
-340.34
-348.12
-331.17
-361.46
-391.93
-366.97
-340.91
-431.89
-424.61
-381.46
-367.30
-362.01
-387.08
-361.18
-384.68
-456.06
-404.23
-371.96
-400.24
-354.55
-395.61
-377.06
-381.33
-415.24
-346.00
-335.29
-329.91
-322.17
-355.29
-370.44
-409.39
-393.26
-379.31
-357.09
-386.43
-416.96
-356.79
-332.36
-361.09
-357.05
-332.74
-352.34
-369.60
-387.93
-372.40
-385.34
-384.95
-356.01
-384.60
-423.03
-350.87
-416.56
-385.13
-414.14
-394.13
-322.99
-341.60
-371.49
-340.02
-385.46
-357.00
-374.68
-323.96
-335.26
-391.60
-358.38
-383.00
-396.30
-361.76
-423.07
-329.79
-349.22
-352.37
-385.62
-332.38
-386.80
-403.12
-422.62
-376.47
-382.42
-372.43
-386.54
-385.53
-379.15
-394.47
-382.75
-396.93
-388.00
-347.83
-293.26
-380.71
-400.64
-366.97
-381.71
-382.20
-399.40
-378.55
-422.59
-388.10
-422.66
-373.59
-360.30
-408.96
-445.89
-369.35
-507.48
-412.48
-437.21
-586.63
-399.67
-352.17
-420.39
-549.46
-436.10
-382.50
-337.02
-397.43
-384.86
-367.89
-396.81
-386.03
-407.31
-369.95
-371.85
-392.20
-476.48
-342.25
-379.97
-416.58
-384.64
-316.56
-404.91
-396.47
-371.31
-381.70
-417.87
-423.03
-410.86
-395.44
-368.87
-367.07
-378.39
-389.65
-411.85
-375.97
-369.11
-399.11
-341.46
-410.89
-321.08
-410.05
-352.96
-376.42
-359.66
-439.08
-353.48
-360.23
-391.09
-397.52
-370.50
-333.39
-314.46
-381.14
-411.17
-442.05
-338.25
-357.02
-371.37
-398.63
-341.28
-371.07
-327.19
-382.02
-365.91
-285.66
-399.14
-385.82
-364.76
-364.75
-418.04
-363.65
-319.27
-462.76
-419.28
-423.95
-436.23
-446.68
-453.71
-432.34
-407.54
-459.61
-352.29
-351.84
-357.79
-314.21
-381.16
-392.13
-386.42
-357.93
-409.07
-340.23
-381.71
-421.20
-374.98
-348.36
-356.00
-380.17
-356.09
-343.71
-432.36
-298.21
-357.89
-371.20
-376.40
-362.95
-353.30
-384.16
-414.61
-449.20
-360.72
-403.65
-380.17
-421.97
-349.83
-396.66
-434.32
-409.85
-417.10
-373.66
-380.32
-359.95
-383.67
-405.06
-332.49
-374.47
-371.88
-426.62
-436.50
-397.98
-450.41
-391.06
-449.74
-377.14
-445.41
-357.85
-389.99
-370.19
-344.41
-427.63
-416.20
-371.68
-412.42
-468.42
-377.31
-450.21
-421.98
-394.12
-349.96
-323.24
-356.97
-380.67
-382.79
-375.20
-379.33
-405.14
-352.86
-346.08
-363.70
-349.67
-369.82
-364.75
-384.00
-382.99
-387.51
-392.08
-415.28
-355.06
-327.62
-395.15
-411.60
-434.16
-342.62
-389.96
-404.59
-334.77
-402.21
-395.16
-400.35
-357.80
-419.94
-386.54
-354.91
-410.60
-389.35
-419.47
-357.71
-374.11
-418.62
-359.31
-376.74
-346.97
-383.85
-408.11
-385.95
-390.05
-381.25
-413.57
-353.94
-369.19
-354.94
-369.41
-359.93
-360.91
-367.51
-334.55
-402.58
-330.06
-349.80
-413.66
-352.00
-400.98
-359.12
-375.48
-355.32
-315.18
-347.13
-329.27
-369.90
-364.97
-363.49
-442.86
-372.22
-319.15
-361.92
-402.87
-332.73
-388.70
-433.02
-324.59
-362.66
-417.97
-424.19
-354.20
-393.49
-422.43
-358.91
-422.09
-358.88
-370.64
-441.78
-366.66
-429.37
-393.20
-331.60
-353.88
-461.06
-424.31
-397.78
-356.32
-458.43
-437.10
-375.17
-415.86
-389.37
-394.90
-374.99
-420.66
-380.05
-442.13
-369.05
-429.80
-361.27
-373.77
-347.35
-346.41
-439.06
-366.50
-460.70
-387.48
-375.82
-374.19
-352.94
-360.44
-377.90
-364.49
-352.51
-431.02
-319.25
-352.88
-411.94
-388.84
-424.25
-375.06
-353.73
-366.72
-403.51
-344.04
-462.10
-345.77
-427.19
-401.22
-399.66
-392.98
-430.06
-392.45
-411.58
-380.08
-447.11
-371.90
-411.12
-386.15
-398.58
-393.66
-433.64
-394.33
-404.68
-361.87
-389.58
-372.27
-349.24
-366.14
-358.21
-355.93
-333.82
-404.34
-352.33
-432.26
-427.68
-412.84
-358.02
-393.85
-364.90
-385.35
-374.86
-413.15
-378.28
-392.38
-410.38
-433.99
-405.03
-407.27
-375.93
-364.53
-398.95
-377.46
-360.28
-369.34
-360.08
-366.88
-335.43
-381.19
-369.73
-380.48
-420.39
-415.78
-375.14
-445.68
-301.90
-390.59
-360.95
-373.48
-368.97
-341.53
-402.54
-324.99
-387.03
-449.87
-382.99
-395.26
-406.18
-354.40
-335.32
-367.87
-415.69
-372.82
-398.81
-309.18
-298.75
-472.99
-334.48
-367.87
-380.82
-344.39
-446.02
-341.04
-379.82
-420.20
-345.60
-377.94
-380.39
-366.34
-371.33
-358.25
-413.81
-365.81
-360.08
-405.38
-427.64
-386.63
-463.27
-441.81
-332.03
-374.35
-389.54
-446.42
-404.18
-407.40
-389.60
-369.65
-441.61
-422.59
-413.54
-357.13
-340.40
-412.74
-346.02
-318.69
-379.19
-410.15
-407.25
-373.34
-413.69
-422.67
-420.33
-394.69
-380.90
-446.76
-299.50
-456.37
-398.06
-378.66
-333.78
-379.08
-363.37
-393.21
-357.58
-354.46
-384.65
-361.54
-353.89
-399.37
-363.70
-358.34
-377.83
-335.80
-372.20
-400.43
-384.72
-426.94
-364.35
-414.13
-358.99
-351.04
-385.41
-370.02
-338.99
-414.65
-362.91
-342.56
-392.20
-392.13
-439.44
-446.42
-500.93
-402.98
-401.25
-390.51
-381.72
-366.16
-361.59
-404.50
-381.15
-301.60
-399.99
-359.20
-375.53
-373.73
-429.70
-372.78
-365.97
-426.95
-422.13
-440.49
-397.71
-402.27
-451.78
-382.25
-420.99
-385.64
-378.52
-357.48
-404.41
-367.82
-383.88
-343.86
-395.31
-346.36
-413.08
-347.91
-364.13
-457.42
-355.26
-422.40
-354.09
-440.63
-329.41
-340.80
-404.98
-358.12
-387.99
-403.72
-382.00
-431.84
-388.82
-325.04
-448.31
-391.77
-356.25
-401.42
-369.22
-376.93
-441.93
-416.86
-438.05
-406.12
-390.04
-381.99
-386.13
-411.27
-397.04
-418.82
-387.59
-394.68
-412.23
-374.02
-390.14
-427.20
-398.38
-368.80
-363.16
-403.17
-371.21
-392.08
-352.85
-394.41
-451.57
-384.28
-427.62
-369.88
-419.27
-345.42
-342.44
-366.32
-445.88
-403.52
-334.99
-435.23
-412.82
-367.26
-367.42
-410.20
-400.59
-446.00
-362.58
-369.91
-393.80
-396.69
-390.21
-396.62
-368.01
-412.70
-393.15
-389.51
-372.76
-393.76
-385.92
-396.64
-429.16
-417.17
-386.96
-440.66
-401.52
-368.20
-345.25
-353.58
-398.92
-341.48
-395.85
-381.73
-414.73
-405.16
-366.81
-429.16
-410.22
-392.65
-394.96
-357.49
-344.03
-376.74
-396.07
-403.59
-395.30
-437.45
-378.37
-312.29
-372.92
-424.65
-375.82
-344.16
-393.61
-351.52
-315.76
-383.95
-351.59
-325.55
-379.32
-452.31
-397.57
-372.14
-359.73
-376.51
-359.83
-408.29
-383.68
-443.41
-378.47
-399.24
-400.57
-460.50
-359.33
-417.63
-353.91
-369.22
-415.57
-383.01
-372.15
-376.24
-408.10
-403.33
-414.05
-361.13
-391.77
-367.79
-370.21
-411.27
-376.41
-334.91
-350.87
-402.09
-435.08
-369.10
-345.72
-428.63
-370.35
-378.10
-393.72
-337.91
-355.57
-362.31
-406.02
-367.86
-384.95
-405.62
-351.19
-417.33
-382.71
-392.42
-410.84
-345.40
-402.51
-342.00
-434.94
-376.80
-345.92
-356.26
-371.09
-390.15
-443.19
-327.17
-438.44
-413.36
-369.14
-362.60
-405.32
-470.51
-341.10
-373.13
-436.97
-362.17
-391.14
-362.79
-349.83
-407.16
-388.56
-374.95
-418.40
-379.30
-376.86
-403.07
-317.71
-396.63
-394.17
-330.11
-429.42
-408.44
-415.46
-359.71
-338.47
-431.96
-386.28
-430.21
-382.92
-359.17
-434.92
-399.78
-373.20
-411.20
-356.33
-408.31
-360.23
-410.74
-424.45
-337.45
-324.60
-403.03
-395.77
-368.82
-373.85
-403.17
-453.05
-410.24
-344.24
-344.17
-375.15
-330.70
-413.91
-396.53
-347.68
-322.69
-385.50
-411.60
-429.43
-393.64
-327.32
-353.51
-441.57
-356.59
-392.52
-319.93
-397.25
-344.31
-407.99
-319.99
-388.55
-440.36
-494.68
-411.25
-416.95
-366.28
-398.13
-340.47
-372.06
-376.41
-406.98
-395.19
-355.38
-363.28
-373.42
-414.28
-378.76
-376.62
-407.16
-404.26
-448.96
-440.14
-345.49
-432.70
-366.70
-384.45
-417.36
-384.92
-406.90
-426.83
-442.46
-333.35
-393.83
-394.42
-415.61
-379.84
-396.13
-385.42
-341.54
-350.80
-444.39
-366.73
-368.70
-391.24
-376.01
-427.93
-412.80
-406.28
-404.27
-386.46
-436.10
-421.26
-392.45
-365.07
-369.83
-375.03
-424.61
-421.36
-387.82
-338.26
-380.59
-369.81
-332.20
-358.37
-368.91
-349.67
-378.14
-380.35
-358.69
-352.77
-374.17
-383.17
-355.59
-359.06
-390.04
-361.05
-396.62
-393.42
-371.56
-383.99
-406.71
-376.07
-421.60
-393.22
-370.22
-416.19
-356.49
-402.38
-488.74
-423.13
-411.43
-384.74
-390.60
-397.25
-406.34
-392.25
-346.02
-427.91
-359.71
-368.64
-369.39
-389.93
-386.40
-355.24
-419.31
-406.47
-406.59
-368.50
-336.51
-363.74
-416.11
-368.27
-399.29
-366.74
-394.29
-333.42
-367.36
-395.65
-369.53
-382.68
-423.87
-386.12
-359.98
-359.54
-326.78
-398.73
-342.31
-375.20
-379.83
-397.32
-386.44
-363.26
-413.47
-383.43
-388.86
-352.20
-469.61
-359.69
-364.48
-373.94
-387.97
-396.99
-369.89
-394.31
-374.56
-392.47
-388.36
-445.92
-372.51
-396.84
-360.47
-402.07
-370.99
-304.70
-352.06
-378.30
-366.03
-352.09
-376.14
-367.97
-422.29
-380.62
-366.67
-409.47
-376.78
-350.35
-367.16
-369.32
-334.92
-344.48
-343.73
-336.71
-380.30
-405.41
-459.20
-361.38
-405.80
-333.24
-405.18
-411.25
-365.35
-409.39
-418.27
-409.18
-383.45
-379.49
-371.14
-406.23
-377.73
-462.37
-322.81
-340.26
-364.30
-331.56
-356.90
-372.68
-425.09
-410.18
-371.69
-346.15
-374.54
-380.98
-382.50
-419.42
-399.00
-393.12
-352.85
-394.66
-392.39
-340.96
-375.69
-408.89
-413.85
-335.42
-366.40
-396.32
-371.13
-367.52
-431.57
-385.20
-456.12
-364.81
-338.26
-386.75
-360.82
-352.01
-411.72
-384.36
-361.85
-349.89
